"1" "2" "3" "4"
"1" 1 0 0 0
"2" 0.999888397009142 0.000111598838908718 4.15189697937862e-09 5.14887332040951e-14
"3" 0.99977680232208 0.000223181070538451 1.6606970052716e-08 4.11909865632761e-13
"4" 0.999665215938501 0.000334746695815996 3.73642924228145e-08 1.39019579651057e-12
"5" 0.999553637858099 0.00044629571566815 6.64229372924765e-08 3.29527892506209e-12
"6" 0.999442068080564 0.00055782813102171 1.03781977864504e-07 6.43609165051189e-12
"7" 0.999330506605588 0.000669343942803475 1.494404873417e-07 1.11215663720845e-11
"8" 0.99921895343286 0.00078084315194024 2.03397538926866e-07 1.76606354890046e-11
"9" 0.999107408562073 0.000892325759358803 2.65652205822805e-07 2.63622314004967e-11
"10" 0.998995871992918 0.00100379176598596 3.36203561232319e-07 3.75352865057853e-11
"11" 0.998884343725084 0.00111524117274851 4.15050678358211e-07 5.14887332040951e-11
"12" 0.998772823758265 0.00122667398057325 5.02192630403282e-07 6.85315038946506e-11
"13" 0.99866131209215 0.00133809019038698 5.97628490570335e-07 8.89725309766764e-11
"14" 0.998549808726431 0.00144948980311649 7.01357332062173e-07 1.13120746849397e-10
"15" 0.998438313660798 0.00156087281968859 8.13378228081597e-07 1.41285083912037e-10
"16" 0.998326826894944 0.00167223924103006 9.33690251831411e-07 1.73774474563821e-10
"17" 0.998215348428558 0.0017835890680677 1.06229247651441e-06 2.10897851203974e-10
"18" 0.998103878261332 0.00189492230172832 1.19918397533341e-06 2.52964146231719e-10
"19" 0.997992416392957 0.00200623894293871 1.34436382149121e-06 3.00282292046283e-10
"20" 0.997880962823125 0.00211753899262567 1.4978310881906e-06 3.53161221046888e-10
"21" 0.997769517551526 0.00222882245171599 1.65958484863439e-06 4.11909865632761e-10
"22" 0.99765808057785 0.00234008932113647 1.82962417602539e-06 4.76837158203125e-10
"23" 0.99754665190179 0.00245133960181392 2.00794814356639e-06 5.48252031157205e-10
"24" 0.997435231523037 0.00256257329467511 2.1945558244602e-06 6.26463416894225e-10
"25" 0.997323819441281 0.00267379040064687 2.38944629190962e-06 7.11780247813411e-10
"26" 0.997212415656213 0.00278499092065597 2.59261861911745e-06 8.04511456313986e-10
"27" 0.997101020167526 0.00289617485562922 2.8040718792865e-06 9.04965974795176e-10
"28" 0.996989632974908 0.00300734220649341 3.02380514561956e-06 1.0134527356562e-09
"29" 0.996878254078053 0.00311849297417535 3.25181749131944e-06 1.1302806712963e-09
"30" 0.99676688347665 0.00322962715960182 3.48810798958895e-06 1.25575871411468e-09
"31" 0.996655521170391 0.00334074476369963 3.73267571363088e-06 1.39019579651057e-09
"32" 0.996544167158967 0.00345184578739558 3.98551973664803e-06 1.5339008508832e-09
"33" 0.996432821442069 0.00356293023161646 4.24663913184321e-06 1.68718280963179e-09
"34" 0.996321484019388 0.00367399809728906 4.51603297241923e-06 1.85035060515557e-09
"35" 0.996210154890615 0.00378504938534019 4.79370033157887e-06 2.02371316985375e-09
"36" 0.996098834055442 0.00389608409669664 5.07964028252496e-06 2.20757943612558e-09
"37" 0.995987521513558 0.00400710223228521 5.37385189846028e-06 2.40225833637026e-09
"38" 0.995876217264656 0.0041181037930327 5.67633425258764e-06 2.60805880298703e-09
"39" 0.995764921308426 0.0042290887798659 5.98708641810984e-06 2.82528976837511e-09
"40" 0.99565363364456 0.00434005719371162 6.30610746822969e-06 3.05426016493372e-09
"41" 0.995542354272748 0.00445100903549664 6.63339647614998e-06 3.29527892506209e-09
"42" 0.995431083192682 0.00456194430614777 6.96895251507353e-06 3.54865498115944e-09
"43" 0.995319820404053 0.0046728630065918 7.31277465820312e-06 3.814697265625e-09
"44" 0.995208565906551 0.00478376513775553 7.66486197874157e-06 4.09371471085799e-09
"45" 0.995097319699868 0.00489465070056576 8.02521354989168e-06 4.38601624925764e-09
"46" 0.994986081783695 0.00500551969594928 8.39382844485625e-06 4.69191081322317e-09
"47" 0.994874852157723 0.00511637212483289 8.77070573683807e-06 5.0117073351538e-09
"48" 0.994763630821643 0.00522720798814339 9.15584449903997e-06 5.34571474744877e-09
"49" 0.994652417775146 0.00533802728680758 9.54924380466472e-06 5.69424198250729e-09
"50" 0.994541213017923 0.00544883002175225 9.95090272691514e-06 6.05759797272859e-09
"51" 0.994430016549665 0.0055596161939042 1.0360820338994e-05 6.43609165051189e-09
"52" 0.994318828370064 0.00567038580419023 1.07789957141042e-05 6.83003194825642e-09
"53" 0.99420764847881 0.00578113885353714 1.12054279254485e-05 7.23972779836141e-09
"54" 0.994096476875594 0.00589187534287171 1.16401160462296e-05 7.66548813322607e-09
"55" 0.993985313560108 0.00600259527312076 1.20830591496504e-05 8.10762188524964e-09
"56" 0.993874158532042 0.00611329864521107 1.25342563089137e-05 8.56643798683133e-09
"57" 0.993763011791088 0.00622398546006944 1.29937065972222e-05 9.04224537037037e-09
"58" 0.993651873336936 0.00633465571862268 1.34614090877789e-05 9.53535296826599e-09
"59" 0.993540743169279 0.00644530942179757 1.39373628537864e-05 1.00460697129174e-08
"60" 0.993429621287806 0.00655594657052092 1.44215669684476e-05 1.05747045367238e-08
"61" 0.993318507692209 0.00666656716571952 1.49140205049654e-05 1.11215663720845e-08
"62" 0.993207402382179 0.00677717120832017 1.54147225365424e-05 1.16869641513987e-08
"63" 0.993096305357407 0.00688775869924967 1.59236721363815e-05 1.22712068070656e-08
"64" 0.992985216617584 0.00699832963943482 1.64408683776855e-05 1.28746032714844e-08
"65" 0.992874136162401 0.0071088840298024 1.69663103336573e-05 1.34974624770543e-08
"66" 0.99276306399155 0.00721942187127922 1.74999970774995e-05 1.41400933561746e-08
"67" 0.992652000104721 0.00732994316479207 1.8041927682415e-05 1.48028048412445e-08
"68" 0.992540944501604 0.00744044791126776 1.85921012216067e-05 1.54859058646633e-08
"69" 0.992429897181893 0.00755093611163308 1.91505167682772e-05 1.618970535883e-08
"70" 0.992318858145277 0.00766140776681483 1.97171733956295e-05 1.69145122561441e-08
"71" 0.992207827391448 0.0077718628777398 2.02920701768663e-05 1.76606354890046e-08
"72" 0.992096804920096 0.00788230144533479 2.08752061851904e-05 1.84283839898109e-08
"73" 0.991985790730913 0.0079927234705266 2.14665804938047e-05 1.92180666909621e-08
"74" 0.991874784823589 0.00810312895424203 2.20661921759118e-05 2.00299925248575e-08
"75" 0.991763787197817 0.00821351789740787 2.26740403047147e-05 2.08644704238962e-08
"76" 0.991652797853286 0.00832389030095092 2.32901239534161e-05 2.17218093204776e-08
"77" 0.991541816789688 0.00843424616579798 2.39144421952189e-05 2.26023181470009e-08
"78" 0.991430844006715 0.00854458549287584 2.45469941033257e-05 2.35063058358652e-08
"79" 0.991319879504056 0.0086549082831113 2.51877787509395e-05 2.44340813194698e-08
"80" 0.991208923281404 0.00876521453743117 2.58367952112631e-05 2.53859535302139e-08
"81" 0.991097975338449 0.00887550425676223 2.64940425574992e-05 2.63622314004967e-08
"82" 0.990987035674882 0.00898577744203128 2.71595198628506e-05 2.73632238627175e-08
"83" 0.990876104290394 0.00909603409416512 2.78332262005202e-05 2.83892398492755e-08
"84" 0.990765181184678 0.00920627421409056 2.85151606437107e-05 2.94405882925699e-08
"85" 0.990654266357422 0.00931649780273437 2.9205322265625e-05 3.0517578125e-08
"86" 0.990543359808319 0.00942670486102337 2.99037101394658e-05 3.16205182789649e-08
"87" 0.99043246153706 0.00953689538988435 3.0610323338436e-05 3.27497176868639e-08
"88" 0.990321571543335 0.00964706939024411 3.13251609357383e-05 3.39054852810963e-08
"89" 0.990210689826836 0.00975722686302944 3.20482220045756e-05 3.50881299940611e-08
"90" 0.990099816387254 0.00986736780916714 3.27795056181507e-05 3.62979607581577e-08
"91" 0.98998895122428 0.009977492229584 3.35190108496663e-05 3.75352865057853e-08
"92" 0.989878094337604 0.0100876001252068 3.42667367723253e-05 3.88004161693432e-08
"93" 0.98976724572692 0.0101976914969624 3.50226824593305e-05 4.00936586812304e-08
"94" 0.989656405391916 0.0103077663457776 3.57868469838846e-05 4.14153229738463e-08
"95" 0.989545573332284 0.0104178246725791 3.65592294191905e-05 4.27657179795901e-08
"96" 0.989434749547715 0.0105278664782938 3.73398288384509e-05 4.4145152630861e-08
"97" 0.989323934037901 0.0106378917638484 3.81286443148688e-05 4.55539358600583e-08
"98" 0.989213126802532 0.0107479005301698 3.89256749216468e-05 4.69923765995811e-08
"99" 0.9891023278413 0.0108578927781847 3.97309197319878e-05 4.84607837818287e-08
"100" 0.988991537153895 0.0109678685088199 4.05443778190946e-05 4.99594663392003e-08
"101" 0.988880754740008 0.0110778277230023 4.136604825617e-05 5.14887332040951e-08
"102" 0.988769980599332 0.0111877704216587 4.21959301164168e-05 5.30488933089124e-08
"103" 0.988659214731556 0.0112976966057157 4.30340224730378e-05 5.46402555860514e-08
"104" 0.988548457136371 0.0114076062761003 4.38803243992357e-05 5.62631289679112e-08
"105" 0.98843770781347 0.0115174994337393 4.47348349682135e-05 5.79178223868913e-08
"106" 0.988326966762543 0.0116273760795593 4.55975532531738e-05 5.96046447753906e-08
"107" 0.98821623398328 0.0117372362144873 4.64684783273196e-05 6.13239050658085e-08
"108" 0.988105509475374 0.01184707983945 4.73476092638535e-05 6.30759121905443e-08
"109" 0.987994793238515 0.0119569069553742 4.82349451359785e-05 6.48609750819971e-08
"110" 0.987884085272393 0.0120667175631868 4.91304850168972e-05 6.66794026725661e-08
"111" 0.987773385576702 0.0121765116638144 5.00342279798126e-05 6.85315038946506e-08
"112" 0.98766269415113 0.012286289258184 5.09461730979274e-05 7.04175876806498e-08
"113" 0.98755201099537 0.0123960503472222 5.18663194444444e-05 7.23379629629629e-08
"114" 0.987441336109113 0.012505794931856 5.27946660925665e-05 7.42929386739892e-08
"115" 0.987330669492049 0.0126155230130121 5.37312121154963e-05 7.62828237461279e-08
"116" 0.987220011143869 0.0127252345916172 5.46759565864368e-05 7.83079271117781e-08
"117" 0.987109361064266 0.0128349296685983 5.56288985785906e-05 8.03685577033393e-08
"118" 0.986998719252928 0.012944608244882 5.65900371651608e-05 8.24650244532104e-08
"119" 0.986888085709549 0.0130542703213953 5.75593714193499e-05 8.45976362937908e-08
"120" 0.986777460433819 0.0131639158990648 5.85369004143609e-05 8.67667021574797e-08
"121" 0.986666843425428 0.0132735449788174 5.95226232233965e-05 8.89725309766764e-08
"122" 0.986556234684069 0.0133831575615799 6.05165389196595e-05 9.12154316837799e-08
"123" 0.986445634209432 0.0134927536482791 6.15186465763528e-05 9.34957132111897e-08
"124" 0.986335042001207 0.0136023332398417 6.25289452666791e-05 9.58136844913049e-08
"125" 0.986224458059087 0.0137118963371947 6.35474340638413e-05 9.81696544565247e-08
"126" 0.986113882382762 0.0138214429412647 6.45741120410421e-05 1.00563932039248e-07
"127" 0.986003314971924 0.0139309730529785 6.56089782714844e-05 1.02996826171875e-07
"128" 0.985892755826262 0.014040486673263 6.66520318283709e-05 1.05468645786804e-07
"129" 0.98578220494547 0.014149983803045 6.77032717849044e-05 1.07979699816434e-07
"130" 0.985671662329237 0.0142594644432513 6.87626972142879e-05 1.10530297193166e-07
"131" 0.985561127977254 0.0143689285948086 6.98303071897239e-05 1.13120746849397e-07
"132" 0.985450601889214 0.0144783762586437 7.09061007844154e-05 1.15751357717527e-07
"133" 0.985340084064806 0.0145878074356835 7.19900770715652e-05 1.18422438729956e-07
"134" 0.985229574503722 0.0146972221268548 7.3082235124376e-05 1.21134298819083e-07
"135" 0.985119073205653 0.0148066203330843 7.41825740160508e-05 1.23887246917306e-07
"136" 0.98500858017029 0.0149160020552988 7.52910928197922e-05 1.26681591957026e-07
"137" 0.984898095397323 0.0150253672944252 7.6407790608803e-05 1.2951764287064e-07
"138" 0.984787618886445 0.0151347160513902 7.75326664562862e-05 1.3239570859055e-07
"139" 0.984677150637346 0.0152440483271207 7.86657194354444e-05 1.35316098049153e-07
"140" 0.984566690649717 0.0153533641225434 7.98069486194804e-05 1.38279120178849e-07
"141" 0.98445623892325 0.0154626634385851 8.09563530815972e-05 1.41285083912037e-07
"142" 0.984345795457634 0.0155719462761726 8.21139318949975e-05 1.44334298181117e-07
"143" 0.984235360252562 0.0156812126362328 8.3279684132884e-05 1.47427071918487e-07
"144" 0.984124933307725 0.0157904625196923 8.44536088684596e-05 1.50563714056547e-07
"145" 0.984014514622813 0.0158996959274781 8.56357051749271e-05 1.53744533527697e-07
"146" 0.983904104197518 0.0160089128605169 8.68259721254893e-05 1.56969839264334e-07
"147" 0.983793702031531 0.0161181133197356 8.8024408793349e-05 1.6023994019886e-07
"148" 0.983683308124542 0.0162272973060608 8.9231014251709e-05 1.63555145263672e-07
"149" 0.983572922476243 0.0163364648204194 9.0445787573772e-05 1.6691576339117e-07
"150" 0.983462545086326 0.0164456158637383 9.16687278327411e-05 1.70322103513753e-07
"151" 0.983352175954479 0.0165547504369441 9.28998341018187e-05 1.73774474563821e-07
"152" 0.983241815080396 0.0166638685409637 9.41391054542079e-05 1.77273185473772e-07
"153" 0.983131462463768 0.016772970176724 9.53865409631114e-05 1.80818545176007e-07
"154" 0.983021118104284 0.0168820553451516 9.6642139701732e-05 1.84410862602923e-07
"155" 0.982910782001636 0.0169911240471734 9.79059007432726e-05 1.88050446686921e-07
"156" 0.982800454155517 0.0171001762837162 9.91778231609358e-05 1.917376063604e-07
"157" 0.982690134565615 0.0172092120557068 0.000100457906027925 1.95472650555758e-07
"158" 0.982579823231622 0.0173182313640719 0.000101746148417442 1.99255888205395e-07
"159" 0.982469520153231 0.0174272342097385 0.00010304254940269 2.03087628241711e-07
"160" 0.98235922533013 0.0175362205936332 0.000104347108056872 2.06968179597104e-07
"161" 0.982248938762013 0.0176451905166829 0.000105659823453191 2.10897851203974e-07
"162" 0.982138660448569 0.0177541439798143 0.000106980694664849 2.14876951994719e-07
"163" 0.98202839038949 0.0178630809839543 0.00010830972076505 2.1890579090174e-07
"164" 0.981918128584466 0.0179720015300297 0.000109646900826996 2.22984676857435e-07
"165" 0.98180787503319 0.0180809056189673 0.000110992233923889 2.27113918794204e-07
"166" 0.981697629735352 0.0181897932516938 0.000112345719128934 2.31293825644446e-07
"167" 0.981587392690642 0.018298664429136 0.000113707355515332 2.35524706340559e-07
"168" 0.981477163898753 0.0184075191522208 0.000115077142156286 2.39806869814944e-07
"169" 0.981366943359375 0.018516357421875 0.000116455078125 2.44140625e-07
"170" 0.981256731072199 0.0186251792390253 0.000117841162494675 2.48526280828125e-07
"171" 0.981146527036917 0.0187339846045986 0.000119235394338516 2.52964146231719e-07
"172" 0.981036331253219 0.0188427735195216 0.000120637772729724 2.57454530143182e-07
"173" 0.980926143720796 0.0189515459847211 0.000122048296741502 2.61997741494911e-07
"174" 0.98081596443934 0.019060302001124 0.000123466965447053 2.66594089219308e-07
"175" 0.980705793408541 0.0191690415696569 0.00012489377791958 2.7124388224877e-07
"176" 0.980595630628091 0.0192777646912469 0.000126328733232286 2.75947429515697e-07
"177" 0.980485476097681 0.0193864713668205 0.000127771830458374 2.80705039952489e-07
"178" 0.980375329817002 0.0194951615973047 0.000129223068671046 2.85517022491544e-07
"179" 0.980265191785744 0.0196038353836262 0.000130682446943505 2.90383686065262e-07
"180" 0.9801550620036 0.0197124927267118 0.000132149964348954 2.95305339606042e-07
"181" 0.980044940470259 0.0198211336274884 0.000133625619960596 3.00282292046283e-07
"182" 0.979934827185413 0.0199297580868826 0.000135109412851633 3.05314852318384e-07
"183" 0.979824722148754 0.0200383661058214 0.000136601342095269 3.10403329354745e-07
"184" 0.979714625359972 0.0201469576852315 0.000138101406764706 3.15548032087765e-07
"185" 0.979604536818757 0.0202555328260396 0.000139609605933147 3.20749269449843e-07
"186" 0.979494456524803 0.0203640915291727 0.000141125938673795 3.26007350373379e-07
"187" 0.979384384477799 0.0204726337955575 0.000142650404059852 3.31322583790771e-07
"188" 0.979274320677436 0.0205811596261208 0.000144183001164522 3.36695278634418e-07
"189" 0.979164265123406 0.0206896690217893 0.000145723729061007 3.42125743836721e-07
"190" 0.979054217815399 0.02079816198349 0.00014727258682251 3.47614288330078e-07
"191" 0.978944178753107 0.0209066385121495 0.000148829573522233 3.53161221046888e-07
"192" 0.978834147936221 0.0210150986086948 0.000150394688233381 3.58766850919551e-07
"193" 0.978724125364431 0.0211235422740525 0.000151967930029155 3.64431486880466e-07
"194" 0.97861411103743 0.0212319695091495 0.000153549297982757 3.70155437862033e-07
"195" 0.978504104954907 0.0213403803149125 0.000155138791167392 3.75939012796649e-07
"196" 0.978394107116555 0.0214487746922685 0.000156736408656262 3.81782520616715e-07
"197" 0.978284117522063 0.0215571526421441 0.000158342149522569 3.8768627025463e-07
"198" 0.978174136171124 0.0216655141654662 0.000159956012839517 3.93650570642792e-07
"199" 0.978064163063427 0.0217738592631615 0.000161577997680308 3.99675730713602e-07
"200" 0.977954198198665 0.0218821879361569 0.000163208103118145 4.05762059399459e-07
"201" 0.977844241576529 0.0219905001853792 0.000164846328226231 4.11909865632761e-07
"202" 0.977734293196709 0.0220987960117551 0.000166492672077768 4.18119458345908e-07
"203" 0.977624353058896 0.0222070754162115 0.00016814713374596 4.24391146471299e-07
"204" 0.977514421162782 0.0223153383996752 0.000169809712304009 4.30725238941334e-07
"205" 0.977404497508057 0.0224235849630728 0.000171480406825118 4.37122044688411e-07
"206" 0.977294582094413 0.0225318151073314 0.00017315921638249 4.4358187264493e-07
"207" 0.977184674921542 0.0226400288333775 0.000174846140049328 4.5010503174329e-07
"208" 0.977074775989132 0.0227482261421382 0.000176541176898834 4.5669183091589e-07
"209" 0.976964885296877 0.02285640703454 0.000178244326004211 4.6334257909513e-07
"210" 0.976855002844466 0.0229645715115099 0.000179955586438662 4.70057585213408e-07
"211" 0.976745128631592 0.0230727195739746 0.000181674957275391 4.76837158203125e-07
"212" 0.976635262657944 0.023180851222861 0.000183402437587598 4.83681606996679e-07
"213" 0.976525404923215 0.0232889664590957 0.000185138026448489 4.90591240526468e-07
"214" 0.976415555427095 0.0233970652836057 0.000186881722931264 4.97566367724894e-07
"215" 0.976305714169275 0.0235051476973177 0.000188633526109128 5.04607297524354e-07
"216" 0.976195881149447 0.0236132137011586 0.000190393435055282 5.11714338857249e-07
"217" 0.976086056367301 0.023721263296055 0.00019216144884293 5.18887800655977e-07
"218" 0.975976239822529 0.0238292964829339 0.000193937566545274 5.26127991852937e-07
"219" 0.975866431514821 0.023937313262722 0.000195721787235518 5.33435221380529e-07
"220" 0.975756631443869 0.024045313636346 0.000197514109986864 5.40809798171152e-07
"221" 0.975646839609363 0.0241532976047329 0.000199314533872515 5.48252031157205e-07
"222" 0.975537056010996 0.0242612651688094 0.000201123057965673 5.55762229271087e-07
"223" 0.975427280648457 0.0243692163295023 0.000202939681339542 5.63340701445199e-07
"224" 0.975317513521437 0.0244771510877384 0.000204764403067324 5.70987756611938e-07
"225" 0.97520775462963 0.0245850694444444 0.000206597222222222 5.78703703703703e-07
"226" 0.975098003972724 0.0246929714005473 0.000208438137877439 5.86488851652896e-07
"227" 0.97498826155041 0.0248008569569738 0.000210287149106178 5.94343509391914e-07
"228" 0.974878527362382 0.0249087261146506 0.000212144254981641 6.02267985853156e-07
"229" 0.974768801408328 0.0250165788745046 0.000214009454577032 6.10262589969023e-07
"230" 0.974659083687941 0.0251244152374626 0.000215882746965552 6.18327630671913e-07
"231" 0.974549374200911 0.0252322352044514 0.000217764131220406 6.26463416894225e-07
"232" 0.97443967294693 0.0253400387763977 0.000219653606414795 6.34670257568359e-07
"233" 0.974329979925688 0.0254478259542284 0.000221551171621923 6.42948461626714e-07
"234" 0.974220295136877 0.0255555967388703 0.000223456825914991 6.51298338001689e-07
"235" 0.974110618580187 0.0256633511312501 0.000225370568367205 6.59720195625683e-07
"236" 0.97400095025531 0.0257710891322947 0.000227292398051764 6.68214343431096e-07
"237" 0.973891290161937 0.0258788107429309 0.000229222314041874 6.76781090350326e-07
"238" 0.973781638299758 0.0259865159640854 0.000231160315410736 6.85420745315774e-07
"239" 0.973671994668466 0.0260942047966851 0.000233106401231554 6.94133617259838e-07
"240" 0.973562359267751 0.0262018772416567 0.000235060570577529 7.02920015114917e-07
"241" 0.973452732097303 0.0263095332999271 0.000237022822521866 7.11780247813411e-07
"242" 0.973343113156815 0.026417172972423 0.000238993156137766 7.20714624287719e-07
"243" 0.973233502445977 0.0265247962600713 0.000240971570498433 7.2972345347024e-07
"244" 0.97312389996448 0.0266324031637987 0.000242958064677069 7.38807044293373e-07
"245" 0.973014305712015 0.026739993684532 0.000244952637746877 7.47965705689518e-07
"246" 0.972904719688275 0.0268475678231981 0.00024695528878106 7.57199746591073e-07
"247" 0.972795141892947 0.0269551255807237 0.000248966016852821 7.66509475930439e-07
"248" 0.972685572325726 0.0270626669580356 0.000250984821035362 7.75895202640014e-07
"249" 0.972576010986302 0.0271701919560607 0.000253011700401887 7.85357235652197e-07
"250" 0.972466457874365 0.0272777005757257 0.000255046654025598 7.94895883899388e-07
"251" 0.972356912989606 0.0273851928179574 0.000257089680979697 8.04511456313986e-07
"252" 0.972247376331718 0.0274926686836826 0.000259140780337389 8.1420426182839e-07
"253" 0.972137847900391 0.0276001281738281 0.000261199951171875 8.23974609375e-07
"254" 0.972028327695315 0.0277075712893208 0.000263267192556358 8.33822807886214e-07
"255" 0.971918815716182 0.0278149980310873 0.000265342503564042 8.43749166294432e-07
"256" 0.971809311962684 0.0279224084000546 0.000267425883268128 8.53753993532053e-07
"257" 0.97169981643451 0.0280298023971493 0.00026951733074182 8.63837598531476e-07
"258" 0.971590329131353 0.0281371800232984 0.000271616845058321 8.74000290225101e-07
"259" 0.971480850052903 0.0282445412794286 0.000273724425290833 8.84242377545326e-07
"260" 0.971371379198851 0.0283518861664666 0.00027584007051256 8.94564169424551e-07
"261" 0.971261916568889 0.0284592146853394 0.000277963779796703 9.04965974795176e-07
"262" 0.971152462162707 0.0285665268369736 0.000280095552216466 9.15448102589599e-07
"263" 0.971043015979997 0.0286738226222961 0.000282235386845051 9.26010861740219e-07
"264" 0.97093357802045 0.0287811020422337 0.000284383282755662 9.36654561179436e-07
"265" 0.970824148283755 0.0288883650977132 0.000286539239021501 9.4737950983965e-07
"266" 0.970714726769606 0.0289956117896613 0.000288703254715771 9.58186016653259e-07
"267" 0.970605313477693 0.029102842119005 0.000290875328911675 9.69074390552662e-07
"268" 0.970495908407706 0.0292100560866709 0.000293055460682416 9.80044940470259e-07
"269" 0.970386511559337 0.0293172536935859 0.000295243649101195 9.91097975338449e-07
"270" 0.970277122932278 0.0294244349406767 0.000297439893241217 1.00223380408963e-06
"271" 0.970167742526218 0.0295315998288702 0.000299644192175684 1.0134527356562e-06
"272" 0.97005837034085 0.0296387483590932 0.000301856544977799 1.02475507897057e-06
"273" 0.969949006375864 0.0297458805322724 0.000304076950720764 1.03614114296512e-06
"274" 0.969839650630951 0.0298529963493347 0.000306305408477783 1.04761123657227e-06
"275" 0.969730303105802 0.0299600958112069 0.000308541917322058 1.0591656687244e-06
"276" 0.969620963800109 0.0300671789188156 0.000310786476326792 1.07080474835392e-06
"277" 0.969511632713563 0.0301742456730879 0.000313039084565188 1.08252878439322e-06
"278" 0.969402309845853 0.0302812960749503 0.000315299741110448 1.09433808577471e-06
"279" 0.969292995196673 0.0303883301253299 0.000317568445035776 1.10623296143079e-06
"280" 0.969183688765712 0.0304953478251532 0.000319845195414374 1.11821372029385e-06
"281" 0.969074390552662 0.0306023491753472 0.000322129991319444 1.1302806712963e-06
"282" 0.968965100557214 0.0307093341768387 0.000324422831824191 1.14243412337052e-06
"283" 0.968855818779058 0.0308163028305543 0.000326723716001816 1.15467438544893e-06
"284" 0.968746545217887 0.030923255137421 0.000329032642925523 1.16700176646393e-06
"285" 0.968637279873391 0.0310301910983655 0.000331349611668514 1.1794165753479e-06
"286" 0.96852802274526 0.0311371107143146 0.000333674621303992 1.19191912103325e-06
"287" 0.968418773833187 0.0312440139861952 0.00033600767090516 1.20450971245238e-06
"288" 0.968309533136863 0.031350900914934 0.00033834875954522 1.21718865853769e-06
"289" 0.968200300655977 0.0314577715014577 0.000340697886297376 1.22995626822157e-06
"290" 0.968091076390221 0.0315646257466933 0.00034305505023483 1.24281285043644e-06
"291" 0.967981860339288 0.0316714636515675 0.000345420250430785 1.25575871411468e-06
"292" 0.967872652502866 0.0317782852170071 0.000347793485958444 1.26879416818869e-06
"293" 0.967763452880648 0.0318850904439389 0.00035017475589101 1.28191952159088e-06
"294" 0.967654261472326 0.0319918793332897 0.000352564059301685 1.29513508325364e-06
"295" 0.967545078277588 0.0320986518859863 0.000354961395263672 1.30844116210938e-06
"296" 0.967435903296127 0.0322054081029555 0.000357366762850174 1.32183806709048e-06
"297" 0.967326736527635 0.0323121479851241 0.000359780161134394 1.33532610712936e-06
"298" 0.9672175779718 0.0324188715334189 0.000362201589189535 1.34890559115841e-06
"299" 0.967108427628316 0.0325255787487666 0.000364631046088799 1.36257682811003e-06
"300" 0.966999285496874 0.0326322696320942 0.00036706853090539 1.37634012691661e-06
"301" 0.966890151577163 0.0327389441843283 0.000369514042712509 1.39019579651057e-06
"302" 0.966781025868875 0.0328456024063958 0.00037196758058336 1.40414414582429e-06
"303" 0.966671908371702 0.0329522442992235 0.000374429143591146 1.41818548379018e-06
"304" 0.966562799085333 0.0330588698637381 0.00037689873080907 1.43232011934064e-06
"305" 0.966453698009461 0.0331654791008665 0.000379376341310334 1.44654836140806e-06
"306" 0.966344605143778 0.0332720720115355 0.00038186197416814 1.46087051892484e-06
"307" 0.966235520487972 0.0333786485966719 0.000384355628455693 1.47528690082339e-06
"308" 0.966126444041735 0.0334852088572024 0.000386857303246194 1.4897978160361e-06
"309" 0.96601737580476 0.0335917527940538 0.000389366997612847 1.50440357349537e-06
"310" 0.965908315776736 0.033698280408153 0.000391884710628854 1.5191044821336e-06
"311" 0.965799263957355 0.0338047917004268 0.000394410441367418 1.5339008508832e-06
"312" 0.965690220346308 0.0339112866718019 0.000396944188901742 1.54879298867655e-06
"313" 0.965581184943285 0.0340177653232052 0.000399485952305029 1.56378120444606e-06
"314" 0.965472157747979 0.0341242276555634 0.000402035730650481 1.57886580712413e-06
"315" 0.96536313876008 0.0342306736698033 0.000404593523011302 1.59404710564316e-06
"316" 0.965254127979279 0.0343371033668518 0.000407159328460693 1.60932540893555e-06
"317" 0.965145125405266 0.0344435167476356 0.000409733146071859 1.62470102593369e-06
"318" 0.965036131037735 0.0345499138130816 0.000412314974918001 1.64017426556998e-06
"319" 0.964927144876374 0.0346562945641165 0.000414904814072323 1.65574543677683e-06
"320" 0.964818166920876 0.0347626590016671 0.000417502662608026 1.67141484848663e-06
"321" 0.964709197170932 0.0348690071266602 0.000420108519598315 1.68718280963179e-06
"322" 0.964600235626232 0.0349753389400226 0.000422722384116392 1.7030496291447e-06
"323" 0.964491282286467 0.0350816544426812 0.00042534425523546 1.71901561595775e-06
"324" 0.96438233715133 0.0351879536355627 0.000427974132028721 1.73508107900336e-06
"325" 0.96427340022051 0.0352942365195939 0.000430612013569379 1.75124632721392e-06
"326" 0.964164471493698 0.0354005030957016 0.000433257898930635 1.76751166952183e-06
"327" 0.964055550970587 0.0355067533648126 0.000435911787185694 1.78387741485948e-06
"328" 0.963946638650866 0.0356129873278537 0.000438573677407757 1.80034387215928e-06
"329" 0.963837734534228 0.0357192049857517 0.000441243568670027 1.81691135035363e-06
"330" 0.963728838620363 0.0358254063394335 0.000443921460045708 1.83358015837493e-06
"331" 0.963619950908961 0.0359315913898257 0.000446607350608003 1.85035060515557e-06
"332" 0.963511071399715 0.0360377601378552 0.000449301239430113 1.86722299962795e-06
"333" 0.963402200092315 0.0361439125844488 0.000452003125585242 1.88419765072448e-06
"334" 0.963293336986453 0.0362500487305333 0.000454713008146592 1.90127486737754e-06
"335" 0.963184482081819 0.0363561685770354 0.000457430886187366 1.91845495851956e-06
"336" 0.963075635378104 0.0364622721248821 0.000460156758780768 1.93573823308291e-06
"337" 0.962966796875 0.036568359375 0.000462890625 1.953125e-06
"338" 0.962857966572197 0.036674430328316 0.000465632483918264 1.97061556820323e-06
"339" 0.962749144469388 0.0367804849857569 0.000468382334608764 1.988210246625e-06
"340" 0.962640330566262 0.0368865233482494 0.000471140176144703 2.00590934419771e-06
"341" 0.96253152486251 0.0369925454167204 0.000473906007599282 2.02371316985376e-06
"342" 0.962422727357825 0.0370985511920967 0.000476679828045706 2.04162203252554e-06
"343" 0.962313938051897 0.0372045406753051 0.000479461636557176 2.05963624114545e-06
"344" 0.962205156944416 0.0373105138672723 0.000482251432206896 2.07775610464591e-06
"345" 0.962096384035075 0.0374164707689251 0.000485049214068068 2.09598193195929e-06
"346" 0.961987619323564 0.0375224113811904 0.000487854981213895 2.11431403201801e-06
"347" 0.961878862809573 0.037628335704995 0.00049066873271758 2.13275271375446e-06
"348" 0.961770114492796 0.0377342437412656 0.000493490467652326 2.15129828610105e-06
"349" 0.961661374372922 0.0378401354909291 0.000496320185091336 2.16995105799016e-06
"350" 0.961552642449641 0.0379460109549122 0.000499157884107811 2.1887113383542e-06
"351" 0.961443918722647 0.0380518701341417 0.000502003563774957 2.20757943612558e-06
"352" 0.961335203191629 0.0381577130295445 0.000504857223165974 2.22655566023668e-06
"353" 0.961226495856279 0.0382635396420473 0.000507718861354065 2.24564031961991e-06
"354" 0.961117796716288 0.0383693499725769 0.000510588477412435 2.26483372320767e-06
"355" 0.961009105771346 0.0384751440220602 0.000513466070414285 2.28413617993235e-06
"356" 0.960900423021144 0.0385809217914239 0.000516351639432818 2.30354799872636e-06
"357" 0.960791748465376 0.0386866832815948 0.000519245183541236 2.32306948852209e-06
"358" 0.960683082103729 0.0387924284934998 0.000522146701812744 2.34270095825195e-06
"359" 0.960574423935897 0.0388981574280655 0.000525056193320543 2.36244271684833e-06
"360" 0.96046577396157 0.0390038700862189 0.000527973657137837 2.38229507324364e-06
"361" 0.960357132180439 0.0391095664688867 0.000530899092337828 2.40225833637026e-06
"362" 0.960248498592195 0.0392152465769956 0.000533832497993719 2.42233281516061e-06
"363" 0.96013987319653 0.0393209104114727 0.000536773873178713 2.44251881854707e-06
"364" 0.960031255993134 0.0394265579732444 0.000539723216966012 2.46281665546206e-06
"365" 0.959922646981698 0.0395321892632378 0.000542680528428819 2.48322663483796e-06
"366" 0.959814046161915 0.0396378042823796 0.000545645806640338 2.50374906560718e-06
"367" 0.959705453533473 0.0397434030315966 0.000548619050673771 2.52438425670212e-06
"368" 0.959596869096065 0.0398489855118156 0.000551600259602321 2.54513251705518e-06
"369" 0.959488292849382 0.0399545517239634 0.00055458943249919 2.56599415559875e-06
"370" 0.959379724793114 0.0400601016689668 0.000557586568437582 2.58696948126523e-06
"371" 0.959271164926954 0.0401656353477525 0.000560591666490699 2.60805880298703e-06
"372" 0.959162613250591 0.0402711527612474 0.000563604725731744 2.62926242969654e-06
"373" 0.959054069763717 0.0403766539103783 0.00056662574523392 2.65058067032617e-06
"374" 0.958945534466024 0.040482138796072 0.000569654724070429 2.6720138338083e-06
"375" 0.958837007357201 0.0405876074192553 0.000572691661314474 2.69356222907535e-06
"376" 0.958728488436941 0.0406930597808549 0.00057573655603926 2.7152261650597e-06
"377" 0.958619977704933 0.0407984958817977 0.000578789407317987 2.73700595069377e-06
"378" 0.958511475160871 0.0409039157230104 0.000581850214223859 2.75890189490994e-06
"379" 0.958402980804443 0.0410093193054199 0.000584918975830078 2.78091430664062e-06
"380" 0.958294494635342 0.041114706629953 0.000587995691209848 2.80304349481821e-06
"381" 0.958186016653259 0.0412200776975364 0.000591080359436371 2.82528976837511e-06
"382" 0.958077546857884 0.041325432509097 0.00059417297958285 2.84765343624371e-06
"383" 0.957969085248908 0.0414307710655615 0.000597273550722488 2.87013480735641e-06
"384" 0.957860631826024 0.0415360933678568 0.000600382071928488 2.89273419064562e-06
"385" 0.957752186588921 0.0416413994169096 0.000603498542274052 2.91545189504373e-06
"386" 0.957643749537291 0.0417466892136468 0.000606622960832384 2.93828822948314e-06
"387" 0.957535320670825 0.0418519627589951 0.000609755326676685 2.96124350289626e-06
"388" 0.957426899989214 0.0419572200538813 0.00061289563888016 2.98431802421548e-06
"389" 0.957318487492149 0.0420624610992323 0.00061604389651601 3.00751210237319e-06
"390" 0.957210083179321 0.0421676858959748 0.000619200098657438 3.03082604630181e-06
"391" 0.957101687050422 0.0422728944450356 0.000622364244377648 3.05426016493372e-06
"392" 0.956993299105141 0.0423780867473416 0.000625536332749841 3.07781476720133e-06
"393" 0.956884919343171 0.0424832628038194 0.000628716362847222 3.10149016203704e-06
"394" 0.956776547764203 0.042588422615396 0.000631904333742993 3.12528665837324e-06
"395" 0.956668184367926 0.0426935661829981 0.000635100244510355 3.14920456514234e-06
"396" 0.956559829154034 0.0427986935075526 0.000638304094222513 3.17324419127673e-06
"397" 0.956451482122216 0.0429038045899861 0.00064151588195267 3.19740584570882e-06
"398" 0.956343143272163 0.0430088994312255 0.000644735606774026 3.221689837371e-06
"399" 0.956234812603568 0.0431139780321977 0.000647963267759787 3.24609647519567e-06
"400" 0.956126490116119 0.0432190403938293 0.000651198863983154 3.27062606811523e-06
"401" 0.95601817580951 0.0433240865170473 0.000654442394517331 3.29527892506209e-06
"402" 0.955909869683431 0.0434291164027783 0.000657693858435519 3.32005535496863e-06
"403" 0.955801571737573 0.0435341300519493 0.000660953254810923 3.34495566676726e-06
"404" 0.955693281971627 0.0436391274654869 0.000664220582716744 3.36998016939038e-06
"405" 0.955585000385284 0.043744108644318 0.000667495841226185 3.39512917177039e-06
"406" 0.955476726978235 0.0438490735893694 0.00067077902941245 3.42040298283969e-06
"407" 0.955368461750172 0.0439540223015679 0.000674070146348741 3.44580191153067e-06
"408" 0.955260204700785 0.0440589547818403 0.000677369191108261 3.47132626677574e-06
"409" 0.955151955829765 0.0441638710311133 0.000680676162764213 3.49697635750729e-06
"410" 0.955043715136803 0.0442687710503138 0.000683991060389799 3.52275249265772e-06
"411" 0.954935482621592 0.0443736548403686 0.000687313883058222 3.54865498115944e-06
"412" 0.954827258283821 0.0444785224022045 0.000690644629842686 3.57468413194484e-06
"413" 0.954719042123181 0.0445833737367482 0.000693983299816392 3.60084025394632e-06
"414" 0.954610834139365 0.0446882088449266 0.000697329892052544 3.62712365609628e-06
"415" 0.954502634332062 0.0447930277276665 0.000700684405624345 3.65353464732712e-06
"416" 0.954394442700964 0.0448978303858946 0.000704046839604997 3.68007353657124e-06
"417" 0.954286259245762 0.0450026168205377 0.000707417193067703 3.70674063276104e-06
"418" 0.954178083966147 0.0451073870325227 0.000710795465085666 3.73353624482892e-06
"419" 0.95406991686181 0.0452121410227764 0.000714181654732089 3.76046068170727e-06
"420" 0.953961757932442 0.0453168787922255 0.000717575761080174 3.7875142523285e-06
"421" 0.953853607177734 0.0454216003417969 0.000720977783203125 3.814697265625e-06
"422" 0.953745464597378 0.0455263056724172 0.000724387720174143 3.84201003052918e-06
"423" 0.953637330191064 0.0456309947850135 0.000727805571066433 3.86945285597343e-06
"424" 0.953529203958484 0.0457356676805124 0.000731231334953197 3.89702605089015e-06
"425" 0.953421085899327 0.0458403243598406 0.000734665010907637 3.92472992421175e-06
"426" 0.953312976013287 0.0459449648239252 0.000738106598002956 3.95256478487061e-06
"427" 0.953204874300053 0.0460495890736927 0.000741556095312357 3.98053094179915e-06
"428" 0.953096780759317 0.0461541971100701 0.000745013501909044 4.00862870392976e-06
"429" 0.95298869539077 0.0462587889339841 0.000748478816866218 4.03685838019483e-06
"430" 0.952880618194102 0.0463633645463615 0.000751952039257083 4.06522027952678e-06
"431" 0.952772549169005 0.0464679239481292 0.000755433168154841 4.09371471085799e-06
"432" 0.952664488315171 0.0465724671402138 0.000758922202632695 4.12234198312087e-06
"433" 0.952556435632289 0.0466769941235423 0.000762419141763848 4.15110240524781e-06
"434" 0.952448391120051 0.0467815048990413 0.000765923984621503 4.17999628617122e-06
"435" 0.952340354778149 0.0468859994676378 0.000769436730278863 4.20902393482349e-06
"436" 0.952232326606272 0.0469904778302585 0.00077295737780913 4.23818566013703e-06
"437" 0.952124306604113 0.0470949399878301 0.000776485926285507 4.26748177104423e-06
"438" 0.952016294771363 0.0471993859412796 0.000780022374781197 4.29691257647749e-06
"439" 0.951908291107712 0.0473038156915337 0.000783566722369403 4.32647838536921e-06
"440" 0.951800295612851 0.0474082292395191 0.000787118968123327 4.3561795066518e-06
"441" 0.951692308286472 0.0475126265861627 0.000790679111116173 4.38601624925764e-06
"442" 0.951584329128265 0.0476170077323914 0.000794247150421143 4.41598892211914e-06
"443" 0.951476358137922 0.0477213726791317 0.000797823085111439 4.4460978341687e-06
"444" 0.951368395315135 0.0478257214273107 0.000801406914260266 4.47634329433872e-06
"445" 0.951260440659592 0.0479300539778551 0.000804998636940826 4.50672561156159e-06
"446" 0.951152494170987 0.0480343703316916 0.00080859825222632 4.53724509476972e-06
"447" 0.95104455584901 0.0481386704897471 0.000812205759189953 4.5679020528955e-06
"448" 0.950936625693352 0.0482429544529484 0.000815821156904927 4.59869679487134e-06
"449" 0.950828703703703 0.0483472222222222 0.000819444444444444 4.62962962962963e-06
"450" 0.950720789879757 0.0484514737984954 0.000823075620881709 4.66070086610277e-06
"451" 0.950612884221202 0.0485557091826948 0.000826714685289922 4.69191081322317e-06
"452" 0.95050498672773 0.0486599283757471 0.000830361636742288 4.72325977992321e-06
"453" 0.950397097399034 0.0487641313785792 0.000834016474312009 4.75474807513531e-06
"454" 0.950289216234802 0.0488683181921178 0.000837679197072288 4.78637600779186e-06
"455" 0.950181343234727 0.0489724888172897 0.000841349804096327 4.81814388682525e-06
"456" 0.9500734783985 0.0490766432550218 0.00084502829445733 4.8500520211679e-06
"457" 0.949965621725811 0.0491807815062409 0.000848714667228499 4.88210071975219e-06
"458" 0.949857773216352 0.0492849035718737 0.000852408921483036 4.91429029151052e-06
"459" 0.949749932869814 0.049389009452847 0.000856111056294146 4.9466210453753e-06
"460" 0.949642100685887 0.0494930991500877 0.00085982107073503 4.97909329027893e-06
"461" 0.949534276664263 0.0495971726645225 0.000863538963878892 5.0117073351538e-06
"462" 0.949426460804634 0.0497012299970782 0.000867264734798934 5.04446348893232e-06
"463" 0.94931865310669 0.0498052711486816 0.000870998382568359 5.07736206054687e-06
"464" 0.949210853570121 0.0499092961202596 0.00087473990626037 5.11040335892987e-06
"465" 0.94910306219462 0.0500133049127389 0.00087848930494817 5.14358769301371e-06
"466" 0.948995278979877 0.0501172975270463 0.000882246577704961 5.17691537173079e-06
"467" 0.948887503925583 0.0502212739641086 0.000886011723603946 5.21038670401351e-06
"468" 0.94877973703143 0.0503252342248527 0.000889784741718328 5.24400199879427e-06
"469" 0.948671978297108 0.0504291783102052 0.00089356563112131 5.27776156500547e-06
"470" 0.948564227722309 0.0505331062210931 0.000897354390886094 5.3116657115795e-06
"471" 0.948456485306724 0.050637017958443 0.000901151020085885 5.34571474744877e-06
"472" 0.948348751050043 0.0507409135231819 0.000904955517793884 5.37990898154567e-06
"473" 0.948241024951957 0.0508447929162364 0.000908767883083292 5.41424872280261e-06
"474" 0.948133307012159 0.0509486561385335 0.000912588115027316 5.44873428015199e-06
