"1" "2" "3" "4"
"1" 1 0 0 0
"2" 0.999937501302074 6.24973958604601e-05 1.30205620659722e-09 9.04224537037037e-15
"3" 0.999875005208261 0.000124989583550347 5.20811631944444e-09 7.2337962962963e-14
"4" 0.999812511718506 0.000187476563232422 1.1718017578125e-08 2.44140625e-13
"5" 0.999750020832755 0.000249958335069444 2.08315972222222e-08 5.78703703703704e-13
"6" 0.999687532550953 0.000312434899224175 3.25486924913194e-08 1.1302806712963e-12
"7" 0.999625046873047 0.000374906255859375 4.6869140625e-08 1.953125e-12
"8" 0.999562563798982 0.000437372405137804 6.37927788628472e-08 3.10149016203704e-12
"9" 0.999500083328704 0.000499833347222222 8.33194444444444e-08 4.62962962962963e-12
"10" 0.999437605462158 0.000562289082275391 1.05448974609375e-07 6.591796875e-12
"11" 0.999375130199291 0.000624739610460069 1.30181206597222e-07 9.04224537037037e-12
"12" 0.999312657540048 0.000687184931939019 1.57515977647569e-07 1.2035228587963e-11
"13" 0.999250187484375 0.000749625046875 1.87453125e-07 1.5625e-11
"14" 0.999187720032217 0.000812059955430772 2.19992485894097e-07 1.98658130787037e-11
"15" 0.999125255183522 0.000874489657769097 2.55133897569444e-07 2.48119212962963e-11
"16" 0.999062792938233 0.000936914154052734 2.92877197265625e-07 3.0517578125e-11
"17" 0.999000333296296 0.000999333444444444 3.33222222222222e-07 3.7037037037037e-11
"18" 0.998937876257659 0.00106174752910699 3.76168809678819e-07 4.44245515046296e-11
"19" 0.998875421822266 0.00112415640820313 4.21716796875e-07 5.2734375e-11
"20" 0.998812969990062 0.00118656008189562 4.69866021050347e-07 6.20207609953704e-11
"21" 0.998750520760995 0.00124895855034722 5.20616319444444e-07 7.2337962962963e-11
"22" 0.99868807413501 0.0013113518137207 5.73967529296875e-07 8.3740234375e-11
"23" 0.998625630112051 0.00137373987217882 6.29919487847222e-07 9.62818287037037e-11
"24" 0.998563188692066 0.00143612272588433 6.88472032335069e-07 1.10016999421296e-10
"25" 0.998500749875 0.001498500375 7.49625e-07 1.25e-10
"26" 0.998438313660798 0.00156087281968858 8.13378228081597e-07 1.41285083912037e-10
"27" 0.998375880049407 0.00162324006011285 8.79731553819444e-07 1.5892650462963e-10
"28" 0.998313449040771 0.00168560209643555 9.48684814453125e-07 1.77978515625e-10
"29" 0.998251020634838 0.00174795892881944 1.02023784722222e-06 1.9849537037037e-10
"30" 0.998188594831552 0.0018103105574273 1.09439048936632e-06 2.20531322337963e-10
"31" 0.99812617163086 0.00187265698242188 1.171142578125e-06 2.44140625e-10
"32" 0.998063751032706 0.00193499820396593 1.25049395073785e-06 2.69377531828704e-10
"33" 0.998001333037037 0.00199733422222222 1.33244444444444e-06 2.96296296296296e-10
"34" 0.997938917643799 0.00205966503735352 1.41699389648438e-06 3.24951171875e-10
"35" 0.997876504852937 0.00212199064952257 1.50414214409722e-06 3.55396412037037e-10
"36" 0.997814094664397 0.00218431105889214 1.59388902452257e-06 3.8768627025463e-10
"37" 0.997751687078125 0.002246626265625 1.686234375e-06 4.21875e-10
"38" 0.997689282094066 0.0023089362698839 1.7811780327691e-06 4.5801685474537e-10
"39" 0.997626879712167 0.0023712410718316 1.87871983506944e-06 4.96166087962963e-10
"40" 0.997564479932373 0.00243354067163086 1.97885961914063e-06 5.36376953125e-10
"41" 0.99750208275463 0.00249583506944444 2.08159722222222e-06 5.78703703703704e-10
"42" 0.997439688178883 0.00255812426543511 2.18693248155382e-06 6.23200593171296e-10
"43" 0.997377296205078 0.00262040825976563 2.294865234375e-06 6.69921875e-10
"44" 0.997314906833161 0.00268268705259874 2.40539531792535e-06 7.18921802662037e-10
"45" 0.997252520063079 0.00274496064409722 2.51852256944444e-06 7.7025462962963e-10
"46" 0.997190135894776 0.00280722903442383 2.63424682617188e-06 8.23974609375e-10
"47" 0.997127754328197 0.00286949222374132 2.75256792534722e-06 8.8013599537037e-10
"48" 0.99706537536329 0.00293175021221246 2.87348570421007e-06 9.38793041087963e-10
"49" 0.997002999 0.002994003 2.997e-06 1e-09
"50" 0.996940625238272 0.00305625058726671 3.1231106499566e-06 1.0638111255787e-09
"51" 0.996878254078053 0.00311849297417535 3.25181749131944e-06 1.1302806712963e-09
"52" 0.996815885519287 0.00318073016088867 3.38312036132813e-06 1.199462890625e-09
"53" 0.996753519561921 0.00324296214756944 3.51701909722222e-06 1.27141203703704e-09
"54" 0.996691156205901 0.00330518893438043 3.65351353624132e-06 1.34618236400463e-09
"55" 0.996628795451172 0.00336741052148438 3.792603515625e-06 1.423828125e-09
"56" 0.99656643729768 0.00342962690904405 3.93428887261285e-06 1.50440357349537e-09
"57" 0.99650408174537 0.00349183809722222 4.07856944444444e-06 1.58796296296296e-09
"58" 0.996441728794189 0.00355404408618164 4.22544506835937e-06 1.674560546875e-09
"59" 0.996379378444083 0.00361624487608507 4.37491558159722e-06 1.7642505787037e-09
"60" 0.996317030694996 0.00367844046709527 4.52698082139757e-06 1.8570873119213e-09
"61" 0.996254685546875 0.003740630859375 4.681640625e-06 1.953125e-09
"62" 0.996192342999665 0.00380281605308702 4.8388948296441e-06 2.05241789641204e-09
"63" 0.996130003053313 0.0038649960483941 4.99874327256944e-06 2.15502025462963e-09
"64" 0.996067665707764 0.00392717084545898 5.16118579101563e-06 2.260986328125e-09
"65" 0.996005330962963 0.00398934044444444 5.32622222222222e-06 2.37037037037037e-09
"66" 0.995942998818857 0.00405150484551324 5.49385240342882e-06 2.48322663483796e-09
"67" 0.99588066927539 0.00411366404882813 5.664076171875e-06 2.599609375e-09
"68" 0.99581834233251 0.00417581805455187 5.83689336480035e-06 2.7195728443287e-09
"69" 0.995756017990162 0.00423796686284722 6.01230381944444e-06 2.8431712962963e-09
"70" 0.995693696248291 0.00430011047387695 6.19030737304687e-06 2.970458984375e-09
"71" 0.995631377106843 0.00436224888780382 6.37090386284722e-06 3.10149016203704e-09
"72" 0.995569060565765 0.00442438210479058 6.55409312608507e-06 3.23631908275463e-09
"73" 0.995506746625 0.004486510125 6.739875e-06 3.375e-09
"74" 0.995444435284496 0.00454863294859483 6.9282493218316e-06 3.51758716724537e-09
"75" 0.995382126544199 0.00461075057573785 7.11921592881944e-06 3.66413483796296e-09
"76" 0.995319820404053 0.0046728630065918 7.31277465820313e-06 3.814697265625e-09
"77" 0.995257516864004 0.00473497024131944 7.50892534722222e-06 3.9693287037037e-09
"78" 0.995195215924 0.00479707228008355 7.70766783311632e-06 4.1280834056713e-09
"79" 0.995132917583984 0.00485916912304687 7.909001953125e-06 4.291015625e-09
"80" 0.995070621843904 0.00492126077037218 8.11292754448785e-06 4.45817961516204e-09
"81" 0.995008328703704 0.00498334722222222 8.31944444444444e-06 4.62962962962963e-09
"82" 0.99494603816333 0.00504542847875977 8.52855249023437e-06 4.805419921875e-09
"83" 0.994883750222728 0.00510750454014757 8.74025151909722e-06 4.98560474537037e-09
"84" 0.994821464881845 0.00516957540654839 8.95454136827257e-06 5.17023835358796e-09
"85" 0.994759182140625 0.005231641078125 9.171421875e-06 5.359375e-09
"86" 0.994696901999014 0.00529370155504015 9.3908928765191e-06 5.5530689380787e-09
"87" 0.994634624456959 0.0053557568374566 9.61295421006944e-06 5.7513744212963e-09
"88" 0.994572349514404 0.00541780692553711 9.83760571289063e-06 5.954345703125e-09
"89" 0.994510077171296 0.00547985181944444 1.00648472222222e-05 6.16203703703704e-09
"90" 0.994447807427581 0.00554189151934136 1.02946785753038e-05 6.37450267650463e-09
"91" 0.994385540283203 0.00560392602539062 1.0527099609375e-05 6.591796875e-09
"92" 0.99432327573811 0.00566595533775499 1.07621101616753e-05 6.81397388599537e-09
"93" 0.994261013792246 0.00572797945659722 1.09997100694444e-05 7.04108796296296e-09
"94" 0.994198754445557 0.00578999838208008 1.12398991699219e-05 7.273193359375e-09
"95" 0.994136497697989 0.00585201211436632 1.14826773003472e-05 7.5103443287037e-09
"96" 0.994074243549488 0.00591402065361871 1.17280442979601e-05 7.75259512442129e-09
"97" 0.994011992 0.005976024 1.1976e-05 8e-09
"98" 0.99394974304947 0.00603802215367296 1.22265442437066e-05 8.25261320891203e-09
"99" 0.993887496697844 0.00610001511480035 1.24796768663194e-05 8.51048900462963e-09
"100" 0.993825252945068 0.00616200288354492 1.27353977050781e-05 8.773681640625e-09
"101" 0.993763011791088 0.00622398546006944 1.29937065972222e-05 9.04224537037037e-09
"102" 0.993700773235849 0.00628596284453668 1.32546033799913e-05 9.31623444733796e-09
"103" 0.993638537279297 0.00634793503710938 1.3518087890625e-05 9.595703125e-09
"104" 0.993576303921378 0.0064099020379503 1.37841599663628e-05 9.8807056568287e-09
"105" 0.993514073162037 0.00647186384722222 1.40528194444444e-05 1.01712962962963e-08
"106" 0.993451845001221 0.00653382046508789 1.43240661621094e-05 1.0467529296875e-08
"107" 0.993389619438874 0.00659577189171007 1.45978999565972e-05 1.0769458912037e-08
"108" 0.993327396474944 0.00665771812725152 1.48743206651476e-05 1.10771393952546e-08
"109" 0.993265176109375 0.006719659171875 1.5153328125e-05 1.1390625e-08
"110" 0.993202958342113 0.00678159502574327 1.54349221733941e-05 1.17099699797454e-08
"111" 0.993140743173105 0.0068435256890191 1.57191026475694e-05 1.2035228587963e-08
"112" 0.993078530602295 0.00690545116186523 1.60058693847656e-05 1.2366455078125e-08
"113" 0.99301632062963 0.00696737144444444 1.62952222222222e-05 1.27037037037037e-08
"114" 0.992954113255055 0.00702928653691949 1.65871609971788e-05 1.30470287181713e-08
"115" 0.992891908478516 0.00709119643945313 1.6881685546875e-05 1.3396484375e-08
"116" 0.992829706299958 0.00715310115220811 1.71787957085503e-05 1.3752124927662e-08
"117" 0.992767506719329 0.00721500067534722 1.74784913194444e-05 1.41140046296296e-08
"118" 0.992705309736572 0.0072768950090332 1.77807722167969e-05 1.4482177734375e-08
"119" 0.992643115351635 0.00733878415342882 1.80856382378472e-05 1.48566984953704e-08
"120" 0.992580923564462 0.00740066810869683 1.83930892198351e-05 1.5237621166088e-08
"121" 0.992518734375 0.007462546875 1.8703125e-05 1.5625e-08
"122" 0.992456547783194 0.00752442045250108 1.90157454155816e-05 1.60188892505787e-08
"123" 0.99239436378899 0.00758628884136285 1.93309503038194e-05 1.64193431712963e-08
"124" 0.992332182392334 0.00764815204174805 1.96487395019531e-05 1.6826416015625e-08
"125" 0.992270003593171 0.00771001005381944 1.99691128472222e-05 1.7240162037037e-08
"126" 0.992207827391448 0.0077718628777398 2.02920701768663e-05 1.76606354890046e-08
"127" 0.992145653787109 0.00783371051367188 2.0617611328125e-05 1.8087890625e-08
"128" 0.992083482780101 0.00789555296177843 2.09457361382378e-05 1.85219816984954e-08
"129" 0.99202131437037 0.00795739022222222 2.12764444444444e-05 1.8962962962963e-08
"130" 0.991959148557862 0.00801922229516602 2.16097360839844e-05 1.9410888671875e-08
"131" 0.99189698534252 0.00808104918077257 2.19456108940972e-05 1.98658130787037e-08
"132" 0.991834824724293 0.00814287087920464 2.22840687120226e-05 2.03277904369213e-08
"133" 0.991772666703125 0.008204687390625 2.2625109375e-05 2.0796875e-08
"134" 0.991710511278962 0.0082664987151964 2.29687327202691e-05 2.1273121021412e-08
"135" 0.991648358451751 0.0083283048530816 2.33149385850694e-05 2.17565827546296e-08
"136" 0.991586208221436 0.00839010580444336 2.36637268066406e-05 2.2247314453125e-08
"137" 0.991524060587963 0.00845190156944444 2.40150972222222e-05 2.27453703703704e-08
"138" 0.991461915551279 0.00851369214824761 2.43690496690538e-05 2.3250804759838e-08
"139" 0.991399773111328 0.00857547754101562 2.4725583984375e-05 2.3763671875e-08
"140" 0.991337633268057 0.00863725774791124 2.50847000054253e-05 2.42840259693287e-08
"141" 0.991275496021412 0.00869903276909722 2.54463975694444e-05 2.48119212962963e-08
"142" 0.991213361371338 0.00876080260473633 2.58106765136719e-05 2.5347412109375e-08
"143" 0.991151229317781 0.00882256725499132 2.61775366753472e-05 2.5890552662037e-08
"144" 0.991089099860686 0.00888432672002496 2.65469778917101e-05 2.64413972077546e-08
"145" 0.991026973 0.008946081 2.6919e-05 2.7e-08
"146" 0.990964848735668 0.00900783009507921 2.72936028374566e-05 2.75664152922454e-08
"147" 0.990902727067636 0.00906957400542535 2.76707862413194e-05 2.8140697337963e-08
"148" 0.99084060799585 0.00913131273120117 2.80505500488281e-05 2.8722900390625e-08
"149" 0.990778491520255 0.00919304627256944 2.84328940972222e-05 2.93130787037037e-08
"150" 0.990716377640797 0.00925477462969292 2.88178182237413e-05 2.99112865306713e-08
"151" 0.990654266357422 0.00931649780273438 2.9205322265625e-05 3.0517578125e-08
"152" 0.990592157670075 0.00937821579185655 2.95954060601128e-05 3.1132007740162e-08
"153" 0.990530051578704 0.00943992859722222 2.99880694444444e-05 3.17546296296296e-08
"154" 0.990467948083252 0.00950163621899414 3.03833122558594e-05 3.2385498046875e-08
"155" 0.990405847183666 0.00956333865733507 3.07811343315972e-05 3.30246672453704e-08
"156" 0.990343748879892 0.00962503591240777 3.11815355088976e-05 3.3672191478588e-08
"157" 0.990281653171875 0.009686727984375 3.1584515625e-05 3.4328125e-08
"158" 0.990219560059561 0.00974841487339952 3.19900745171441e-05 3.49925220630787e-08
"159" 0.990157469542896 0.0098100965796441 3.23982120225694e-05 3.56654369212963e-08
"160" 0.990095381621826 0.00987177310327148 3.28089279785156e-05 3.6346923828125e-08
"161" 0.990033296296296 0.00993344444444444 3.32222222222222e-05 3.7037037037037e-08
"162" 0.989971213566253 0.00999511060332574 3.36380945909288e-05 3.77358308015046e-08
"163" 0.98990913343164 0.0100567715800781 3.4056544921875e-05 3.8443359375e-08
"164" 0.989847055892406 0.0101184273748644 3.44775730523003e-05 3.91596770109954e-08
"165" 0.989784980948496 0.0101800779878472 3.49011788194445e-05 3.9884837962963e-08
"166" 0.989722908599854 0.0102417234191895 3.53273620605469e-05 4.0618896484375e-08
"167" 0.989660838846426 0.0103033636690538 3.57561226128472e-05 4.13619068287037e-08
"168" 0.98959877168816 0.0103649987376031 3.61874603135851e-05 4.21139232494213e-08
"169" 0.989536707125 0.010426628625 3.6621375e-05 4.2875e-08
"170" 0.989474645156892 0.0104882533314073 3.70578665093316e-05 4.3645191333912e-08
"171" 0.989412585783782 0.0105498728569878 3.74969346788194e-05 4.44245515046296e-08
"172" 0.989350529005615 0.0106114872019043 3.79385793457031e-05 4.5213134765625e-08
"173" 0.989288474822338 0.0106730963663194 3.83828003472222e-05 4.60109953703704e-08
"174" 0.989226423233896 0.010734700350396 3.88295975206163e-05 4.6818187572338e-08
"175" 0.989164374240234 0.0107962991542969 3.9278970703125e-05 4.7634765625e-08
"176" 0.9891023278413 0.0108578927781847 3.97309197319878e-05 4.84607837818287e-08
"177" 0.989040284037037 0.0109194812222222 4.01854444444444e-05 4.92962962962963e-08
"178" 0.988978242827393 0.0109810644865723 4.06425446777344e-05 5.0141357421875e-08
"179" 0.988916204212312 0.0110426425713976 4.11022202690972e-05 5.0996021412037e-08
"180" 0.988854168191741 0.0111042154768609 4.15644710557726e-05 5.18603425202546e-08
"181" 0.988792134765625 0.011165783203125 4.2029296875e-05 5.2734375e-08
"182" 0.98873010393391 0.0112273457503526 4.24966975640191e-05 5.36181731047454e-08
"183" 0.988668075696542 0.0112889031187066 4.29666729600694e-05 5.4511791087963e-08
"184" 0.988606050053467 0.0113504553083496 4.34392229003906e-05 5.5415283203125e-08
"185" 0.98854402700463 0.0114120023194444 4.39143472222222e-05 5.63287037037037e-08
"186" 0.988482006549977 0.0114735441521539 4.43920457628038e-05 5.72521068431713e-08
"187" 0.988419988689453 0.0115350808066406 4.4872318359375e-05 5.8185546875e-08
"188" 0.988357973423005 0.0115966122830675 4.53551648491753e-05 5.9129078052662e-08
"189" 0.988295960750579 0.0116581385815972 4.58405850694444e-05 6.00827546296296e-08
"190" 0.988233950672119 0.0117196597023926 4.63285788574219e-05 6.1046630859375e-08
"191" 0.988171943187572 0.0117811756456163 4.68191460503472e-05 6.20207609953703e-08
"192" 0.988109938296884 0.0118426864114312 4.73122864854601e-05 6.3005199291088e-08
"193" 0.988047936 0.011904192 4.7808e-05 6.4e-08
"194" 0.987985936296866 0.0119656924114855 4.83062864312066e-05 6.50052173755787e-08
"195" 0.987923939187428 0.0120271876460503 4.88071456163194e-05 6.60209056712963e-08
"196" 0.987861944671631 0.0120886777038574 4.93105773925781e-05 6.7047119140625e-08
"197" 0.987799952749421 0.0121501625850694 4.98165815972222e-05 6.8083912037037e-08
"198" 0.987737963420745 0.0122116422898492 5.03251580674913e-05 6.91313386140046e-08
"199" 0.987675976685547 0.0122731168183594 5.0836306640625e-05 7.0189453125e-08
"200" 0.987613992543773 0.0123345861707628 5.13500271538628e-05 7.12583098234954e-08
"201" 0.987552010995371 0.0123960503472222 5.18663194444444e-05 7.23379629629629e-08
"202" 0.987490032040283 0.0124575093479004 5.23851833496094e-05 7.3428466796875e-08
"203" 0.987428055678458 0.0125189631729601 5.29066187065972e-05 7.45298755787037e-08
"204" 0.98736608190984 0.012580411822564 5.34306253526475e-05 7.56422435619213e-08
"205" 0.987304110734375 0.012641855296875 5.3957203125e-05 7.6765625e-08
"206" 0.987242142152009 0.0127032935960558 5.44863518608941e-05 7.7900074146412e-08
"207" 0.987180176162688 0.0127647267202691 5.50180713975694e-05 7.90456452546296e-08
"208" 0.987118212766357 0.0128261546696777 5.55523615722656e-05 8.0202392578125e-08
"209" 0.987056251962963 0.0128875774444444 5.60892222222222e-05 8.13703703703703e-08
"210" 0.986994293752451 0.012948995044732 5.66286531846788e-05 8.25496328848379e-08
"211" 0.986932338134765 0.0130104074707031 5.7170654296875e-05 8.3740234375e-08
"212" 0.986870385109854 0.0130718147225206 5.77152253960503e-05 8.49422290943287e-08
"213" 0.986808434677662 0.0131332168003472 5.82623663194444e-05 8.61556712962963e-08
"214" 0.986746486838135 0.0131946137043457 5.88120769042969e-05 8.7380615234375e-08
"215" 0.986684541591218 0.0132560054346788 5.93643569878472e-05 8.8617115162037e-08
"216" 0.986622598936858 0.0133173919915093 5.99192064073351e-05 8.98652253327546e-08
"217" 0.986560658875 0.013378773375 6.0476625e-05 9.1125e-08
"218" 0.98649872140559 0.0134401495853136 6.10366126030816e-05 9.23964934172454e-08
"219" 0.986436786528574 0.0135015206226128 6.15991690538194e-05 9.36797598379629e-08
"220" 0.986374854243896 0.0135628864870605 6.21642941894531e-05 9.4974853515625e-08
"221" 0.986312924551505 0.0136242471788194 6.27319878472222e-05 9.62818287037037e-08
"222" 0.986250997451344 0.0136856026980523 6.33022498643663e-05 9.76007396556713e-08
"223" 0.986189072943359 0.0137469530449219 6.3875080078125e-05 9.8931640625e-08
"224" 0.986127151027497 0.0138082982195909 6.44504783257378e-05 1.00274585865162e-07
"225" 0.986065231703704 0.0138696382222222 6.50284444444444e-05 1.0162962962963e-07
"226" 0.986003314971924 0.0139309730529785 6.56089782714844e-05 1.02996826171875e-07
"227" 0.985941400832103 0.0139923027120226 6.61920796440972e-05 1.0437622974537e-07
"228" 0.985879489284189 0.0140536271995171 6.67777483995226e-05 1.05767894603588e-07
"229" 0.985817580328125 0.014114946515625 6.7365984375e-05 1.07171875e-07
"230" 0.985755673963858 0.0141762606605089 6.79567874077691e-05 1.08588225188079e-07
"231" 0.985693770191334 0.0142375696343316 6.85501573350694e-05 1.10016999421296e-07
"232" 0.985631869010498 0.0142988734372559 6.91460939941406e-05 1.11458251953125e-07
"233" 0.985569970421296 0.0143601720694444 6.97445972222222e-05 1.12912037037037e-07
"234" 0.985508074423674 0.0144214655310601 7.03456668565538e-05 1.14378408926505e-07
"235" 0.985446181017578 0.0144827538222656 7.0949302734375e-05 1.15857421875e-07
"236" 0.985384290202953 0.0145440369432237 7.15555046929253e-05 1.17349130135995e-07
"237" 0.985322401979746 0.0146053148940972 7.21642725694444e-05 1.18853587962963e-07
"238" 0.985260516347901 0.0146665876750488 7.27756062011719e-05 1.20370849609375e-07
"239" 0.985198633307364 0.0147278552862413 7.33895054253472e-05 1.21900969328704e-07
"240" 0.985136752858082 0.0147891177278375 7.400597007921e-05 1.23444001374421e-07
"241" 0.985074875 0.014850375 7.4625e-05 1.25e-07
"242" 0.985012999733064 0.0149116271028917 7.52465950249566e-05 1.26569019458912e-07
"243" 0.984951127057219 0.0149728740366753 7.58707549913194e-05 1.2815111400463e-07
"244" 0.984889256972412 0.0150341158015137 7.64974797363281e-05 1.29746337890625e-07
"245" 0.984827389478588 0.0150953523975694 7.71267690972222e-05 1.3135474537037e-07
"246" 0.984765524575693 0.0151565838250054 7.77586229112413e-05 1.32976390697338e-07
"247" 0.984703662263672 0.0152178100839844 7.8393041015625e-05 1.34611328125e-07
"248" 0.984641802542471 0.0152790311746691 7.90300232476128e-05 1.36259611906829e-07
"249" 0.984579945412037 0.0153402470972222 7.96695694444444e-05 1.37921296296296e-07
"250" 0.984518090872315 0.0154014578518066 8.03116794433594e-05 1.39596435546875e-07
"251" 0.984456238923249 0.0154626634385851 8.09563530815972e-05 1.41285083912037e-07
"252" 0.984394389564788 0.0155238638577203 8.16035901963976e-05 1.42987295645255e-07
"253" 0.984332542796875 0.015585059109375 8.2253390625e-05 1.44703125e-07
"254" 0.984270698619457 0.015646249193712 8.29057542046441e-05 1.46432626229745e-07
"255" 0.98420885703248 0.0157074341108941 8.35606807725694e-05 1.48175853587963e-07
"256" 0.984147018035889 0.015768613861084 8.42181701660156e-05 1.49932861328125e-07
"257" 0.98408518162963 0.0158297884444444 8.48782222222222e-05 1.51703703703704e-07
"258" 0.984023347813648 0.0158909578611382 8.55408367784288e-05 1.53488434968171e-07
"259" 0.983961516587891 0.0159521221113281 8.6206013671875e-05 1.55287109375e-07
"260" 0.983899687952302 0.0160132811951769 8.68737527398003e-05 1.57099781177662e-07
"261" 0.983837861906829 0.0160744351128472 8.75440538194444e-05 1.5892650462963e-07
"262" 0.983776038451416 0.016135583864502 8.82169167480469e-05 1.60767333984375e-07
"263" 0.98371421758601 0.0161967274503038 8.88923413628472e-05 1.6262232349537e-07
"264" 0.983652399310556 0.0162578658704156 8.9570327501085e-05 1.64491527416088e-07
"265" 0.983590583625 0.016318999125 9.0250875e-05 1.66375e-07
"266" 0.983528770529288 0.0163801272142198 9.09339836968316e-05 1.68272795500579e-07
"267" 0.983466960023365 0.0164412501382378 9.16196534288194e-05 1.70184968171296e-07
"268" 0.983405152107178 0.0165023678972168 9.23078840332031e-05 1.72111572265625e-07
"269" 0.983343346780671 0.0165634804913194 9.29986753472222e-05 1.74052662037037e-07
"270" 0.983281544043792 0.0166245879207086 9.36920272081163e-05 1.76008291739005e-07
"271" 0.983219743896484 0.0166856901855469 9.4387939453125e-05 1.77978515625e-07
"272" 0.983157946338695 0.0167467872859972 9.50864119194878e-05 1.79963387948495e-07
"273" 0.98309615137037 0.0168078792222222 9.57874444444444e-05 1.81962962962963e-07
"274" 0.983034358991455 0.0168689659943848 9.64910368652344e-05 1.83977294921875e-07
"275" 0.982972569201895 0.0169300476026476 9.71971890190972e-05 1.86006438078704e-07
"276" 0.982910782001637 0.0169911240471734 9.79059007432726e-05 1.88050446686921e-07
"277" 0.982848997390625 0.017052195328125 9.8617171875e-05 1.90109375e-07
"278" 0.982787215368806 0.0171132614456651 9.93310022515191e-05 1.92183277271412e-07
"279" 0.982725435936125 0.0171743223999566 0.000100047391710069 1.9427220775463e-07
"280" 0.982663659092529 0.0172353781911621 0.000100766340087891 1.96376220703125e-07
"281" 0.982601884837963 0.0172964288194444 0.000101487847222222 1.9849537037037e-07
"282" 0.982540113172373 0.0173574742849664 0.000102211912950304 2.00629711009838e-07
"283" 0.982478344095703 0.0174185145878906 0.000102938537109375 2.02779296875e-07
"284" 0.982416577607901 0.01747954972838 0.000103667719536675 2.04944182219329e-07
"285" 0.982354813708912 0.0175405797065972 0.000104399460069444 2.07124421296296e-07
"286" 0.982293052398682 0.0176016045227051 0.000105133758544922 2.09320068359375e-07
"287" 0.982231293677155 0.0176626241768663 0.000105870614800347 2.11531177662037e-07
"288" 0.98216953754428 0.0177236386692437 0.00010661002867296 2.13757803457755e-07
"289" 0.982107784 0.017784648 0.000107352 2.16e-07
"290" 0.982046033044262 0.017845652169298 0.000108096528618707 2.18257821542245e-07
"291" 0.981984284677011 0.0179066511773004 0.000108843614366319 2.20531322337963e-07
"292" 0.981922538898193 0.0179676450241699 0.000109593257080078 2.22820556640625e-07
"293" 0.981860795707754 0.0180286337100694 0.000110345456597222 2.25125578703704e-07
"294" 0.981799055105641 0.0180896172351617 0.000111100212754991 2.27446442780671e-07
"295" 0.981737317091797 0.0181505955996094 0.000111857525390625 2.29783203125e-07
"296" 0.981675581666169 0.0182115688035753 0.000112617394341363 2.32135913990162e-07
"297" 0.981613848828704 0.0182725368472222 0.000113379819444444 2.3450462962963e-07
"298" 0.981552118579346 0.0183334997307129 0.000114144800537109 2.36889404296875e-07
"299" 0.981490390918041 0.0183944574542101 0.000114912337456597 2.3929029224537e-07
"300" 0.981428665844736 0.0184554100178765 0.000115682430040148 2.41707347728588e-07
"301" 0.981366943359375 0.018516357421875 0.000116455078125 2.44140625e-07
"302" 0.981305223461905 0.0185772996663683 0.000117230281548394 2.46590178313079e-07
"303" 0.981243506152272 0.0186382367515191 0.000118008040147569 2.49056061921296e-07
"304" 0.98118179143042 0.0186991686774902 0.000118788353759766 2.51538330078125e-07
"305" 0.981120079296296 0.0187600954444444 0.000119571222222222 2.54037037037037e-07
"306" 0.981058369749846 0.0188210170525445 0.000120356645372179 2.56552237051505e-07
"307" 0.980996662791015 0.0188819335019531 0.000121144623046875 2.59083984375e-07
"308" 0.98093495841975 0.0189428447928331 0.00012193515508355 2.61632333260995e-07
"309" 0.980873256635995 0.0190037509253472 0.000122728241319444 2.64197337962963e-07
"310" 0.980811557439697 0.0190646518996582 0.000123523881591797 2.66779052734375e-07
"311" 0.980749860830802 0.0191255477159288 0.000124322075737847 2.69377531828704e-07
"312" 0.980688166809254 0.0191864383743218 0.000125122823594835 2.71992829499421e-07
"313" 0.980626475375 0.019247323875 0.000125926125 2.74625e-07
"314" 0.980564786527986 0.0193082042181261 0.000126731979790582 2.77274097583912e-07
"315" 0.980503100268157 0.0193690794038628 0.000127540387803819 2.7994017650463e-07
"316" 0.980441416595459 0.019429949432373 0.000128351348876953 2.82623291015625e-07
"317" 0.980379735509838 0.0194908143038194 0.000129164862847222 2.8532349537037e-07
"318" 0.98031805701124 0.0195516740183648 0.000129980929551866 2.88040843822338e-07
"319" 0.980256381099609 0.0196125285761719 0.000130799548828125 2.90775390625e-07
"320" 0.980194707774893 0.0196733779774034 0.000131620720513238 2.93527190031829e-07
"321" 0.980133037037037 0.0197342222222222 0.000132444444444444 2.96296296296296e-07
"322" 0.980071368885986 0.019795061310791 0.000133270720458984 2.99082763671875e-07
"323" 0.980009703321687 0.0198558952432726 0.000134099548394097 3.01886646412037e-07
"324" 0.979948040344085 0.0199167240198296 0.000134930928087023 3.04707998770255e-07
"325" 0.979886379953125 0.019977547640625 0.000135764859375 3.07546875e-07
"326" 0.979824722148754 0.0200383661058214 0.000136601342095269 3.10403329354745e-07
"327" 0.979763066930917 0.0200991794155816 0.000137440376085069 3.13277416087963e-07
"328" 0.979701414299561 0.0201599875700684 0.000138281961181641 3.16169189453125e-07
"329" 0.97963976425463 0.0202207905694444 0.000139126097222222 3.19078703703704e-07
"330" 0.97957811679607 0.0202815884138726 0.000139972784044054 3.22006013093171e-07
"331" 0.979516471923828 0.0203423811035156 0.000140822021484375 3.24951171875e-07
"332" 0.979454829637849 0.0204031686385362 0.000141673809380425 3.27914234302662e-07
"333" 0.979393189938079 0.0204639510190972 0.000142528147569444 3.3089525462963e-07
"334" 0.979331552824463 0.0205247282453613 0.000143385035888672 3.33894287109375e-07
"335" 0.979269918296947 0.0205855003174913 0.000144244474175347 3.3691138599537e-07
"336" 0.979208286355478 0.02064626723565 0.00014510646226671 3.39946605541088e-07
"337" 0.979146657 0.020707029 0.000145971 3.43e-07
"338" 0.97908503023046 0.0207677856107042 0.000146838087212457 3.46071623625579e-07
"339" 0.979023406046803 0.0208285370679253 0.000147707723741319 3.49161530671296e-07
"340" 0.978961784448975 0.0208892833718262 0.000148579909423828 3.52269775390625e-07
"341" 0.978900165436921 0.0209500245225694 0.000149454644097222 3.55396412037037e-07
"342" 0.978838549010589 0.0210107605203179 0.000150331927598741 3.58541494864005e-07
"343" 0.978776935169922 0.0210714913652344 0.000151211759765625 3.61705078125e-07
"344" 0.978715323914867 0.0211322170574816 0.000152094140435113 3.64887216073495e-07
"345" 0.978653715245371 0.0211929375972222 0.000152979069444444 3.68087962962963e-07
"346" 0.978592109161377 0.0212536529846191 0.000153866546630859 3.71307373046875e-07
"347" 0.978530505662833 0.0213143632198351 0.000154756571831597 3.74545500578704e-07
"348" 0.978468904749684 0.0213750683030328 0.000155649144883898 3.77802399811921e-07
"349" 0.978407306421875 0.021435768234375 0.000156544265625 3.81078125e-07
"350" 0.978345710679353 0.0214964630140245 0.000157441933892144 3.84372730396412e-07
"351" 0.978284117522063 0.0215571526421441 0.000158342149522569 3.8768627025463e-07
"352" 0.978222526949951 0.0216178371188965 0.000159244912353516 3.91018798828125e-07
"353" 0.978160938962963 0.0216785164444444 0.000160150222222222 3.9437037037037e-07
"354" 0.978099353561044 0.0217391906189507 0.000161058078965929 3.97741039134838e-07
"355" 0.978037770744141 0.0217998596425781 0.000161968482421875 4.01130859375e-07
"356" 0.977976190512198 0.0218605235154894 0.0001628814324273 4.04539885344329e-07
"357" 0.977914612865162 0.0219211822378472 0.000163796928819444 4.07968171296296e-07
"358" 0.977853037802978 0.0219818358098145 0.000164714971435547 4.11415771484375e-07
"359" 0.977791465325593 0.0220424842315538 0.000165635560112847 4.14882740162037e-07
"360" 0.977729895432952 0.0221031275032281 0.000166558694688585 4.18369131582755e-07
"361" 0.977668328125 0.022163765625 0.000167484375 4.21875e-07
"362" 0.977606763401684 0.0222243985970323 0.000168412600884332 4.25400399667245e-07
"363" 0.977545201262949 0.0222850264194878 0.000169343372178819 4.28945384837963e-07
"364" 0.97748364170874 0.0223456490925293 0.000170276688720703 4.32510009765625e-07
"365" 0.977422084739004 0.0224062666163194 0.000171212550347222 4.36094328703704e-07
"366" 0.977360530353688 0.0224668789910211 0.000172150956895616 4.39698395905671e-07
"367" 0.977298978552734 0.0225274862167969 0.000173091908203125 4.43322265625e-07
"368" 0.977237429336091 0.0225880882938097 0.000174035404106988 4.46965992115162e-07
"369" 0.977175882703704 0.0226486852222222 0.000174981444444444 4.5062962962963e-07
"370" 0.977114338655518 0.0227092770021973 0.000175930029052734 4.54313232421875e-07
"371" 0.977052797191479 0.0227698636338976 0.000176881157769097 4.5801685474537e-07
"372" 0.976991258311533 0.0228304451174859 0.000177834830430773 4.61740550853588e-07
"373" 0.976929722015625 0.022891021453125 0.000178791046875 4.65484375e-07
"374" 0.976868188303702 0.0229515926409776 0.000179749806939019 4.69248381438079e-07
"375" 0.976806657175709 0.0230121586812066 0.000180711110460069 4.73032624421296e-07
"376" 0.976745128631592 0.0230727195739746 0.000181674957275391 4.76837158203125e-07
"377" 0.976683602671296 0.0231332753194444 0.000182641347222222 4.80662037037037e-07
"378" 0.976622079294768 0.0231938259177789 0.000183610280137804 4.84507315176504e-07
"379" 0.976560558501953 0.0232543713691406 0.000184581755859375 4.88373046875e-07
"380" 0.976499040292797 0.0233149116736925 0.000185555774224175 4.92259286385995e-07
"381" 0.976437524667246 0.0233754468315972 0.000186532335069444 4.96166087962963e-07
"382" 0.976376011625244 0.0234359768430176 0.000187511438232422 5.00093505859375e-07
"383" 0.976314501166739 0.0234965017081163 0.000188493083550347 5.04041594328704e-07
"384" 0.976252993291676 0.0235570214270562 0.00018947727086046 5.08010407624421e-07
"385" 0.976191488 0.023617536 0.000190464 5.12e-07
"386" 0.976129985291658 0.0236780454271105 0.000191453270806207 5.16010425708912e-07
"387" 0.976068485166594 0.0237385497085503 0.000192445083116319 5.20041739004629e-07
"388" 0.976006987624756 0.0237990488444824 0.000193439436767578 5.24093994140625e-07
"389" 0.975945492666088 0.0238595428350694 0.000194436331597222 5.2816724537037e-07
"390" 0.975884000290536 0.0239200316804742 0.000195435767442491 5.32261546947338e-07
"391" 0.975822510498047 0.0239805153808594 0.000196437744140625 5.36376953125e-07
"392" 0.975761023288565 0.0240409939363878 0.000197442261528863 5.40513518156829e-07
"393" 0.975699538662037 0.0241014673472222 0.000198449319444444 5.44671296296296e-07
"394" 0.975638056618408 0.0241619356135254 0.000199458917724609 5.48850341796875e-07
"395" 0.975576577157624 0.0242223987354601 0.000200471056206597 5.53050708912037e-07
"396" 0.975515100279632 0.024282856713189 0.000201485734727648 5.57272451895254e-07
"397" 0.975453625984375 0.024343309546875 0.000202502953125 5.61515625e-07
"398" 0.975392154271801 0.0244037572366808 0.000203522711235894 5.65780282479745e-07
"399" 0.975330685141855 0.0244641997827691 0.000204545008897569 5.70066478587963e-07
"400" 0.975269218594482 0.0245246371853027 0.000205569845947266 5.74374267578125e-07
"401" 0.97520775462963 0.0245850694444444 0.000206597222222222 5.78703703703703e-07
"402" 0.975146293247242 0.024645496560357 0.000207627137559679 5.83054841218171e-07
"403" 0.975084834447266 0.0247059185332031 0.000208659591796875 5.87427734375e-07
"404" 0.975023378229646 0.0247663353631456 0.00020969458477105 5.91822437427662e-07
"405" 0.974961924594329 0.0248267470503472 0.000210732116319444 5.9623900462963e-07
"406" 0.97490047354126 0.0248871535949707 0.000211772186279297 6.00677490234375e-07
"407" 0.974839025070385 0.0249475549971788 0.000212814794487847 6.0513794849537e-07
"408" 0.97477757918165 0.0250079512571343 0.000213859940782335 6.09620433666088e-07
"409" 0.974716135875 0.025068342375 0.000214907625 6.14125e-07
"410" 0.974654695150382 0.0251287283509386 0.000215957846978082 6.18651701750578e-07
"411" 0.97459325700774 0.0251891091851128 0.000217010606553819 6.23200593171296e-07
"412" 0.974531821447021 0.0252494848776855 0.000218065903564453 6.27771728515625e-07
"413" 0.974470388468171 0.0253098554288194 0.000219123737847222 6.32365162037037e-07
"414" 0.974408958071135 0.0253702208386773 0.000220184109239366 6.36980947989005e-07
"415" 0.974347530255859 0.0254305811074219 0.000221247017578125 6.41619140625e-07
"416" 0.974286105022289 0.0254909362352159 0.000222312462700738 6.46279794198495e-07
"417" 0.974224682370371 0.0255512862222222 0.000223380444444444 6.50962962962963e-07
"418" 0.974163262300049 0.0256116310686035 0.000224450962646484 6.55668701171875e-07
"419" 0.97410184481127 0.0256719707745226 0.000225524017144097 6.60397063078703e-07
"420" 0.97404042990398 0.0257323053401421 0.000226599607774523 6.65148102936921e-07
"421" 0.973979017578125 0.025792634765625 0.000227677734375 6.69921875e-07
"422" 0.97391760783365 0.0258529590511339 0.000228758396782769 6.74718433521412e-07
"423" 0.973856200670501 0.0259132781968316 0.000229841594835069 6.7953783275463e-07
"424" 0.973794796088623 0.0259735922028809 0.000230927328369141 6.84380126953125e-07
"425" 0.973733394087963 0.0260339010694444 0.000232015597222222 6.8924537037037e-07
"426" 0.973671994668466 0.0260942047966851 0.000233106401231554 6.94133617259838e-07
"427" 0.973610597830078 0.0261545033847656 0.000234199740234375 6.99044921875e-07
"428" 0.973549203572745 0.0262147968338487 0.000235295614067925 7.03979338469328e-07
"429" 0.973487811896412 0.0262750851440972 0.000236394022569444 7.08936921296296e-07
"430" 0.973426422801025 0.0263353683156738 0.000237494965576172 7.13917724609375e-07
"431" 0.97336503628653 0.0263956463487413 0.000238598442925347 7.18921802662037e-07
"432" 0.973303652352874 0.0264559192434625 0.00023970445445421 7.23949209707754e-07
"433" 0.973242271 0.026516187 0.000240813 7.29e-07
"434" 0.973180892227855 0.0265764496185167 0.000241924079399957 7.34074227792245e-07
"435" 0.973119516036386 0.0266367070991754 0.000243037692491319 7.39171947337963e-07
"436" 0.973058142425537 0.0266969594421387 0.000244153839111328 7.44293212890625e-07
"437" 0.972996771395254 0.0267572066475694 0.000245272519097222 7.49438078703703e-07
"438" 0.972935402945485 0.0268174487156304 0.000246393732286241 7.54606599030671e-07
"439" 0.972874037076172 0.0268776856464844 0.000247517478515625 7.59798828125e-07
"440" 0.972812673787263 0.026937917440294 0.000248643757622613 7.65014820240162e-07
"441" 0.972751313078704 0.0269981440972222 0.000249772569444444 7.7025462962963e-07
"442" 0.972689954950439 0.0270583656174316 0.000250903913818359 7.75518310546875e-07
"443" 0.972628599402416 0.0271185820010851 0.000252037790581597 7.8080591724537e-07
"444" 0.972567246434579 0.0271787932483453 0.000253174199571398 7.86117503978588e-07
"445" 0.972505896046875 0.027238999359375 0.000254313140625 7.91453125e-07
"446" 0.972444548239249 0.027299200334337 0.000255454613579644 7.96812834563079e-07
"447" 0.972383203011647 0.0273593961733941 0.000256598618272569 8.02196686921296e-07
"448" 0.972321860364014 0.027419586876709 0.000257745154541016 8.07604736328125e-07
"449" 0.972260520296296 0.0274797724444444 0.000258894222222222 8.13037037037037e-07
"450" 0.97219918280844 0.0275399528767632 0.000260045821153429 8.18493643301505e-07
"451" 0.972137847900391 0.0276001281738281 0.000261199951171875 8.23974609375e-07
"452" 0.972076515572094 0.0276602983358019 0.0002623566121148 8.29479989510995e-07
"453" 0.972015185823495 0.0277204633628472 0.000263515803819444 8.35009837962963e-07
"454" 0.971953858654541 0.0277806232551269 0.000264677526123047 8.40564208984375e-07
"455" 0.971892534065176 0.0278407780128038 0.000265841778862847 8.46143156828703e-07
"456" 0.971831212055348 0.0279009276360406 0.000267008561876085 8.51746735749421e-07
"457" 0.971769892625 0.027961072125 0.000268177875 8.57375e-07
"458" 0.971708575774079 0.0280212114798448 0.000269349718071832 8.63028003833912e-07
"459" 0.971647261502532 0.0280813457007379 0.000270524090928819 8.6870580150463e-07
"460" 0.971585949810303 0.0281414747878418 0.000271700993408203 8.74408447265625e-07
"461" 0.971524640697338 0.0282015987413194 0.000272880425347222 8.8013599537037e-07
"462" 0.971463334163583 0.0282617175613336 0.000274062386583116 8.85888500072338e-07
"463" 0.971402030208984 0.0283218312480469 0.000275246876953125 8.91666015625e-07
"464" 0.971340728833487 0.0283819398016222 0.000276433896294488 8.97468596281828e-07
"465" 0.971279430037037 0.0284420432222222 0.000277623444444444 9.03296296296296e-07
"466" 0.97121813381958 0.0285021415100098 0.000278815521240234 9.09149169921875e-07
"467" 0.971156840181062 0.0285622346651476 0.000280010126519097 9.15027271412037e-07
"468" 0.971095549121428 0.0286223226877984 0.000281207260118273 9.20930655020254e-07
"469" 0.971034260640625 0.028682405578125 0.000282406921875 9.26859375e-07
"470" 0.970972974738598 0.0287424833362901 0.000283609111626519 9.32813485604745e-07
"471" 0.970911691415292 0.0288025559624566 0.000284813829210069 9.38793041087963e-07
"472" 0.970850410670654 0.0288626234567871 0.000286021074462891 9.44798095703125e-07
"473" 0.97078913250463 0.0289226858194444 0.000287230847222222 9.50828703703704e-07
"474" 0.970727856917164 0.0289827430505914 0.000288443147325304 9.56884919343171e-07
"475" 0.970666583908203 0.0290427951503906 0.000289657974609375 9.62966796875e-07
"476" 0.970605313477693 0.029102842119005 0.000290875328911675 9.69074390552662e-07
"477" 0.970544045625579 0.0291628839565972 0.000292095210069444 9.75207754629629e-07
"478" 0.970482780351807 0.0292229206633301 0.000293317617919922 9.81366943359375e-07
"479" 0.970421517656322 0.0292829522393663 0.000294542552300347 9.8755201099537e-07
"480" 0.970360257539072 0.0293429786848687 0.00029577001304796 9.93763011791088e-07
"481" 0.970299 0.029403 0.000297 1e-06
"482" 0.970237745039053 0.029463016184923 0.000298232512993706 1.00626302987558e-06
"483" 0.970176492656178 0.0295230272398003 0.000299467551866319 1.0125521556713e-06
"484" 0.970115242851318 0.0295830331647949 0.000300705116455078 1.01886743164063e-06
"485" 0.970053995624421 0.0296430339600694 0.000301945206597222 1.02520891203704e-06
