"1" "2" "3" "4" "5"
"1" 1 0 0 0 0
"2" 0.999166898126715 0.000833080174094201 2.1699002740805e-08 1.88380111882716e-13 0
"3" 0.998334259087791 0.00166565412423509 8.67864663708848e-08 1.50704089506173e-12 0
"4" 0.99750208275463 0.00249772199221011 1.95248074001736e-07 5.08626302083333e-12 0
"5" 0.996670368998629 0.00332928391980667 3.47069508744856e-07 1.20563271604938e-11 0
"6" 0.995839117691186 0.00416034004881222 5.42236453711741e-07 2.35475139853395e-11 0
"7" 0.995008328703704 0.00499089052101418 7.80734592013889e-07 4.06901041666667e-11 0
"8" 0.994178001907579 0.00582093547819998 1.0625496067628e-06 6.46143783757716e-11 0
"9" 0.993348137174211 0.00665047506215706 1.38766718106996e-06 9.64506172839506e-11 0
"10" 0.992518734375 0.00747950941467285 1.75607299804687e-06 1.373291015625e-10 0
"11" 0.991689793381345 0.00830803867753478 2.16775274080504e-06 1.88380111882716e-10 0
"12" 0.990861314064643 0.00913606299253027 2.62269209245595e-06 2.50733928915895e-10 0
"13" 0.990033296296296 0.00996358250144676 3.12087673611111e-06 3.25520833333333e-10 0
"14" 0.989205739947703 0.0107905973460717 3.66229235488201e-06 4.13871105806327e-10 0
"15" 0.98837864489026 0.0116171076681925 4.24692463188014e-06 5.16915027006173e-10 0
"16" 0.98755201099537 0.0124431136095965 4.87475925021701e-06 6.35782877604167e-10 0
"17" 0.986725838134431 0.0132686153120713 5.54578189300411e-06 7.71604938271605e-10 0
"18" 0.985900126178841 0.0140936129174043 6.25997824335294e-06 9.25511489679784e-10 0
"19" 0.985074875 0.0149181065673828 7.017333984375e-06 1.0986328125e-09 0
"20" 0.984250084469308 0.0157420964037944 7.81783479918178e-06 1.29209918740355e-09 0
"21" 0.983425754458162 0.0165655825684264 8.66146637088477e-06 1.50704089506173e-09 0
"22" 0.982601884837963 0.0173885652030662 9.54821438259549e-06 1.74458821614583e-09 0
"23" 0.98177847548011 0.0182110444495014 1.04780645174254e-05 2.00587143132716e-09 0
"24" 0.980955526256001 0.0190330204495193 1.1451002458486e-05 2.29202082127701e-09 0
"25" 0.980133037037037 0.0198544933449074 1.24670138888889e-05 2.60416666666667e-09 0
"26" 0.979311007694616 0.0206754632774531 1.35260844917454e-05 2.94343924816744e-09 0
"27" 0.978489438100137 0.0214959303889438 1.46281999501672e-05 3.31096884645062e-09 0
"28" 0.977668328125 0.022315894821167 1.57733459472656e-05 3.7078857421875e-09 0
"29" 0.976847677640604 0.0231353567159101 1.69615081661523e-05 4.13532021604938e-09 0
"30" 0.976027486518347 0.0239543162149605 1.81926722899386e-05 4.59440254870756e-09 0
"31" 0.97520775462963 0.0247727734601056 1.94668240017361e-05 5.08626302083333e-09 0
"32" 0.974388481845851 0.025590728593133 2.07839489846563e-05 5.61203191309799e-09 0
"33" 0.973569668038409 0.0264081817558299 2.21440329218107e-05 6.17283950617284e-09 0
"34" 0.972751313078704 0.0272251330899839 2.35470614963108e-05 6.76981608072917e-09 0
"35" 0.971933416838135 0.0280415827373824 2.4993020391268e-05 7.40409191743827e-09 0
"36" 0.9711159791881 0.0288575308398128 2.64818952897939e-05 8.07679729697145e-09 0
"37" 0.970299 0.0296729775390625 2.8013671875e-05 8.7890625e-09 0
"38" 0.969482479145233 0.030487922976919 2.95883358299977e-05 9.54201780719521e-09 0
"39" 0.968666416495199 0.0313023672951697 3.12058728378987e-05 1.03367934992284e-08 0
"40" 0.967850811921296 0.032116310635602 3.28662685818142e-05 1.11745198567708e-08 0
"41" 0.967035665294925 0.0329297531400034 3.4569508744856e-05 1.20563271604938e-08 0
"42" 0.966220976487483 0.0337426949501613 3.63155790101353e-05 1.29833456910687e-08 0
"43" 0.96540674537037 0.0345551362078631 3.81044650607639e-05 1.39567057291667e-08 0
"44" 0.964592971814986 0.0353670770548963 3.99361525798531e-05 1.49775375554591e-08 0
"45" 0.96377965569273 0.0361785176330483 4.18106272505144e-05 1.60469714506173e-08 0
"46" 0.962966796875 0.0369894580841064 4.37278747558594e-05 1.71661376953125e-08 0
"47" 0.962154395233196 0.0377998985498583 4.56878807789995e-05 1.8336166570216e-08 0
"48" 0.961342450638717 0.0386098391720912 4.76906310030462e-05 1.95581883559992e-08 0
"49" 0.960530962962963 0.0394192800925926 4.97361111111111e-05 2.08333333333333e-08 0
"50" 0.959719932077332 0.04022822145315 5.18243067863056e-05 2.21627317828897e-08 0
"51" 0.958909357853224 0.0410366633955507 5.39552037117412e-05 2.35475139853395e-08 0
"52" 0.958099240162037 0.0418446060615822 5.61287875705295e-05 2.49888102213542e-08 0
"53" 0.957289578875172 0.042652049593032 5.83450440457819e-05 2.64877507716049e-08 0
"54" 0.956480373864026 0.0434589941316874 6.06039588206099e-05 2.80454659167631e-08 0
"55" 0.955671625 0.0442654398193359 6.2905517578125e-05 2.96630859375e-08 0
"56" 0.954863332154493 0.045071386797765 6.52497060014387e-05 3.13417411144869e-08 0
"57" 0.954055495198903 0.045876835208762 6.76365097736625e-05 3.3082561728395e-08 0
"58" 0.95324811400463 0.0466817851941144 7.0065914577908e-05 3.48866780598958e-08 0
"59" 0.952441188443073 0.0474862368956096 7.25379060972865e-05 3.67552203896605e-08 0
"60" 0.951634718385631 0.0482901904550351 7.50524700149096e-05 3.86893189983603e-08 0
"61" 0.950828703703704 0.0490936460141782 7.76095920138889e-05 4.06901041666667e-08 0
"62" 0.95002314426869 0.0498966037148265 8.02092577773357e-05 4.27587061752508e-08 0
"63" 0.949218039951989 0.0506990636987673 8.28514529883616e-05 4.48962553047839e-08 0
"64" 0.948413390625 0.0515010261077881 8.55361633300781e-05 4.71038818359375e-08 0
"65" 0.947609196159122 0.0523024910836763 8.82633744855967e-05 4.93827160493827e-08 0
"66" 0.946805456425754 0.0531034587682193 9.10330721380289e-05 5.17338882257909e-08 0
"67" 0.946002171296296 0.0539039293032046 9.38452419704861e-05 5.41585286458333e-08 0
"68" 0.945199340642147 0.0547039028304196 9.66998696660799e-05 5.66577675901813e-08 0
"69" 0.944396964334705 0.0555033794916517 9.95969409079218e-05 5.92327353395062e-08 0
"70" 0.94359504224537 0.0563023594286883 0.000102536441379123 6.18845621744792e-08 0
"71" 0.942793574245542 0.057100842783317 0.000105518356762796 6.46143783757716e-08 0
"72" 0.941992560206619 0.0578988296973251 0.000108542672742051 6.74233142240548e-08 0
"73" 0.941192 0.0586963203125 0.000111609375 7.03125e-08 0
"74" 0.940391893497085 0.0594933147706292 0.000114718449219755 7.32830659842785e-08 0
"75" 0.939592240569273 0.0602898132135001 0.000117869881084426 7.63361424575617e-08 0
"76" 0.938793041087963 0.0610858157829002 0.000121063656277127 7.94728597005208e-08 0
"77" 0.937994294924554 0.0618813226206169 0.000124299760480967 8.26943479938272e-08 0
"78" 0.937196001950446 0.0626763338684375 0.000127578179379059 8.6001737618152e-08 0
"79" 0.936398162037037 0.0634708496681496 0.000130898898654514 8.93961588541667e-08 0
"80" 0.935600775055727 0.0642648701615406 0.000134261903990443 9.28787419825424e-08 0
"81" 0.934803840877915 0.0650583954903978 0.000137667181069959 9.64506172839506e-08 0
"82" 0.934007359375 0.0658514257965088 0.000141114715576172 1.00112915039063e-07 0
"83" 0.933211330418382 0.0666439612216609 0.000144604493192194 1.03866765528549e-07 0
"84" 0.932415753879458 0.0674360019076417 0.000148136499601136 1.07713299033083e-07 0
"85" 0.93162062962963 0.0682275479962384 0.000151710720486111 1.11653645833333e-07 0
"86" 0.930825957540295 0.0690185996292386 0.000155327141530229 1.15688936209973e-07 0
"87" 0.930031737482853 0.0698091569484297 0.000158985748416602 1.19820300443673e-07 0
"88" 0.929237969328704 0.0705992200955991 0.000162686526828342 1.24048868815104e-07 0
"89" 0.928444652949246 0.0713887892125343 0.00016642946244856 1.28375771604938e-07 0
"90" 0.927651788215878 0.0721778644410226 0.000170214540960367 1.32802139093846e-07 0
"91" 0.926859375 0.0729664459228516 0.000174041748046875 1.373291015625e-07 0
"92" 0.926067413173011 0.0737545337998085 0.000177911069391196 1.4195778929157e-07 0
"93" 0.92527590260631 0.074542128213681 0.00018182249067644 1.46689332561728e-07 0
"94" 0.924484843171296 0.0753292293062563 0.000185775997585721 1.51524861653646e-07 0
"95" 0.923694234739369 0.076115837219322 0.000189771575802148 1.56465506847994e-07 0
"96" 0.922904077181927 0.0769019520946654 0.000193809211008833 1.61512398425444e-07 0
"97" 0.92211437037037 0.0776875740740741 0.000197888888888889 1.66666666666667e-07 0
"98" 0.921325114176098 0.0784727032993353 0.000202010595125426 1.71929441852334e-07 0
"99" 0.920536308470507 0.0792573399122366 0.000206174315401556 1.77301854263117e-07 0
"100" 0.919747953125 0.0800414840545654 0.000210380035400391 1.82785034179688e-07 0
"101" 0.918960048010974 0.0808251358681091 0.000214627740805041 1.88380111882716e-07 0
"102" 0.918172592999828 0.0816082954946552 0.000218917417298619 1.94088217652874e-07 0
"103" 0.917385587962963 0.082390963075991 0.000223249050564236 1.99910481770833e-07 0
"104" 0.916599032771777 0.0831731387539041 0.000227622626285003 2.05848034517265e-07 0
"105" 0.915812927297668 0.0839548226701818 0.000232038130144033 2.11902006172839e-07 0
"106" 0.915027271412037 0.0847360149666115 0.000236495547824436 2.18073527018229e-07 0
"107" 0.914242064986283 0.0855167157849808 0.000240994865009324 2.24363727334105e-07 0
"108" 0.913457307891804 0.0862969252670769 0.000245536067381808 2.30773737401138e-07 0
"109" 0.912673 0.0870766435546875 0.000250119140625 2.373046875e-07 0
"110" 0.91188914118227 0.0878558707895998 0.000254744070422012 2.43957707911362e-07 0
"111" 0.911105731310014 0.0886346071136014 0.000259410842455954 2.50733928915895e-07 0
"112" 0.91032277025463 0.0894128526684796 0.000264119442409939 2.57634480794271e-07 0
"113" 0.909540257887517 0.090190607596022 0.000268869855967078 2.6466049382716e-07 0
"114" 0.908758194080075 0.0909678720380158 0.000273662068810483 2.71813098295235e-07 0
"115" 0.907976578703704 0.0917446461362486 0.000278496066623264 2.79093424479167e-07 0
"116" 0.907195411629801 0.0925209300325077 0.000283371835088534 2.86502602659626e-07 0
"117" 0.906414692729767 0.0932967238685807 0.000288289359889403 2.94041763117284e-07 0
"118" 0.905634421875 0.0940720277862549 0.000293248626708984 3.01712036132812e-07 0
"119" 0.9048545989369 0.0948468419273178 0.000298249621230388 3.09514551986883e-07 0
"120" 0.904075223786866 0.0956211664335567 0.000303292329136727 3.17450440960166e-07 0
"121" 0.903296296296296 0.0963950014467592 0.000308376736111111 3.25520833333333e-07 0
"122" 0.902517816336591 0.0971683471087127 0.000313502827836653 3.33726859387056e-07 0
"123" 0.901739783779149 0.0979412035612046 0.000318670589996463 3.42069649402006e-07 0
"124" 0.90096219849537 0.0987135709460223 0.000323880008273655 3.50550333658854e-07 0
"125" 0.900185060356653 0.0994854494049533 0.000329131068351337 3.59170042438271e-07 0
"126" 0.899408369234396 0.100256839079785 0.000334423755912624 3.6792990602093e-07 0
"127" 0.898632125 0.101027740112305 0.000339758056640625 3.768310546875e-07 0
"128" 0.897856327524863 0.1017981526443 0.000345133956218453 3.85874618718653e-07 0
"129" 0.897080976680384 0.102568076817558 0.000350551440329218 3.95061728395062e-07 0
"130" 0.896306072337963 0.103337512773867 0.000356010494656033 4.04393513997396e-07 0
"131" 0.895531614368999 0.104106460655014 0.000361511104882009 4.13871105806327e-07 0
"132" 0.89475760264489 0.104874920602785 0.000367053256690257 4.23495634102527e-07 0
"133" 0.893984037037037 0.10564289275897 0.000372636935763889 4.33268229166667e-07 0
"134" 0.893210917416838 0.106410377265355 0.000378262127786016 4.43190021279417e-07 0
"135" 0.892438243655693 0.107177374263727 0.00038392881843975 4.53262140721451e-07 0
"136" 0.891666015625 0.107943883895874 0.000389636993408203 4.63485717773438e-07 0
"137" 0.890894233196159 0.108709906303584 0.000395386638374486 4.73861882716049e-07 0
"138" 0.890122896240569 0.109475441628643 0.000401177739021709 4.84391765829958e-07 0
"139" 0.88935200462963 0.11024049001284 0.000407010281032986 4.95076497395833e-07 0
"140" 0.88858155823474 0.111005051597962 0.000412884250091427 5.05917207694348e-07 0
"141" 0.887811556927298 0.111769126525795 0.000418799631880144 5.16915027006173e-07 0
"142" 0.887042000578704 0.112532714938128 0.000424756412082248 5.28071085611979e-07 0
"143" 0.886272889060357 0.113295816976749 0.000430754576380851 5.39386513792438e-07 0
"144" 0.885504222243656 0.114058432783443 0.000436794110459065 5.50862441828221e-07 0
"145" 0.884736 0.1148205625 0.000442875 5.625e-07 0
"146" 0.883968222200789 0.115582206268206 0.000448997230686769 5.74300318588445e-07 0
"147" 0.883200888717421 0.116343364229849 0.000455160788202482 5.86264527874228e-07 0
"148" 0.882433999421296 0.117104036526715 0.000461365658230252 5.98393758138021e-07 0
"149" 0.881667554183814 0.117864223300594 0.000467611826453189 6.10689139660494e-07 0
"150" 0.880901552876372 0.118623924693271 0.000473899278554406 6.23151802722319e-07 0
"151" 0.88013599537037 0.119383140846535 0.000480228000217014 6.35782877604167e-07 0
"152" 0.879370881537209 0.120141871902173 0.000486597977124124 6.48583494586709e-07 0
"153" 0.878606211248285 0.120900118001972 0.000493009194958848 6.61554783950617e-07 0
"154" 0.877841984375 0.12165787928772 0.000499461639404297 6.74697875976562e-07 0
"155" 0.877078200788752 0.122415155901204 0.000505955296143583 6.88013900945216e-07 0
"156" 0.87631486036094 0.123171947984211 0.000512490150859817 7.01503989137249e-07 0
"157" 0.875551962962963 0.12392825567853 0.000519066189236111 7.15169270833333e-07 0
"158" 0.874789508466221 0.124684079125947 0.000525683396955576 7.29010876314139e-07 0
"159" 0.874027496742112 0.12543941846825 0.000532341759701325 7.43029935860339e-07 0
"160" 0.873265927662037 0.126194273847227 0.000539041263156467 7.57227579752604e-07 0
"161" 0.872504801097394 0.126948645404664 0.000545781893004115 7.71604938271605e-07 0
"162" 0.871744116919581 0.127702533282349 0.000552563634927381 7.86163141698013e-07 0
"163" 0.870983875 0.12845593762207 0.000559386474609375 8.009033203125e-07 0
"164" 0.870224075210048 0.129208858565614 0.00056625039773321 8.15826604395737e-07 0
"165" 0.869464717421125 0.129961296254769 0.000573155389981996 8.30934124228395e-07 0
"166" 0.86870580150463 0.130713250831321 0.000580101437038846 8.46227010091146e-07 0
"167" 0.867947327331962 0.131464722437059 0.00058708852458687 8.6170639226466e-07 0
"168" 0.86718929477452 0.13221571121377 0.00059411663830918 8.7737340102961e-07 0
"169" 0.866431703703704 0.132966217303241 0.000601185763888889 8.93229166666667e-07 0
"170" 0.865674553990912 0.133716240847259 0.000608295887009106 9.092748194565e-07 0
"171" 0.864917845507544 0.134465781987613 0.000615446993352945 9.25511489679784e-07 0
"172" 0.864161578125 0.135214840866089 0.000622639068603516 9.41940307617188e-07 0
"173" 0.863405751714678 0.135963417624475 0.00062987209844393 9.58562403549383e-07 0
"174" 0.862650366147977 0.136711512404558 0.0006371460685573 9.75378907757041e-07 0
"175" 0.861895421296296 0.137459125348126 0.000644460964626736 9.92390950520834e-07 0
"176" 0.861140917031036 0.138206256596967 0.000651816772335351 1.00959966212143e-06 0
"177" 0.860386853223594 0.138952906292867 0.000659213477366255 1.02700617283951e-06 0
"178" 0.85963322974537 0.139699074577614 0.000666651065402561 1.04461161295573e-06 0
"179" 0.858880046467764 0.140444761592996 0.000674129522127379 1.06241711275077e-06 0
"180" 0.858127303262174 0.141189967480799 0.000681648833223822 1.0804238025053e-06 0
"181" 0.857375 0.141934692382813 0.000689208984375 1.0986328125e-06 0
"182" 0.856623136552641 0.142678936440822 0.000696809961264025 1.11704527301553e-06 0
"183" 0.855871712791495 0.143422699796616 0.00070445174957401 1.13566231433256e-06 0
"184" 0.855120728587963 0.144165982591982 0.000712134334988064 1.15448506673177e-06 0
"185" 0.854370183813443 0.144908784968707 0.0007198577031893 1.17351466049383e-06 0
"186" 0.853620078339335 0.145651107068579 0.00072762183986083 1.1927522258994e-06 0
"187" 0.852870412037037 0.146392949033384 0.000735426730685764 1.21219889322917e-06 0
"188" 0.852121184777949 0.147134311004911 0.000743272361347214 1.23185579276379e-06 0
"189" 0.85137239643347 0.147875193124946 0.000751158717528292 1.25172405478395e-06 0
"190" 0.850624046875 0.148615595535278 0.000759085784912109 1.27180480957031e-06 0
"191" 0.849876135973937 0.149355518377694 0.000767053549181777 1.29209918740355e-06 0
"192" 0.84912866360168 0.150094961793981 0.000775061996020407 1.31260831856433e-06 0
"193" 0.84838162962963 0.150833925925926 0.000783111111111111 1.33333333333333e-06 0
"194" 0.847635033929184 0.151572410915317 0.000791200880137 1.35427536199122e-06 0
"195" 0.846888876371742 0.152310416903942 0.000799331288781186 1.37543553481867e-06 0
"196" 0.846143156828704 0.153047944033587 0.00080750232272678 1.39681498209635e-06 0
"197" 0.845397875171468 0.153784992446041 0.000815713967656893 1.41841483410494e-06 0
"198" 0.844653031271433 0.154521562283091 0.000823966209254637 1.4402362211251e-06 0
"199" 0.843908625 0.155257653686523 0.000832259033203125 1.4622802734375e-06 0
"200" 0.843164656228567 0.155993266798127 0.000840592425185467 1.48454812132282e-06 0
"201" 0.842421124828532 0.156728401759688 0.000848966370884774 1.50704089506173e-06 0
"202" 0.841678030671296 0.157463058712995 0.000857380855984158 1.5297597249349e-06 0
"203" 0.840935373628258 0.158197237799834 0.000865835866166731 1.55270574122299e-06 0
"204" 0.840193153570816 0.158930939161994 0.000874331387115604 1.57588007420669e-06 0
"205" 0.83945137037037 0.159664162941262 0.000882867404513889 1.59928385416667e-06 0
"206" 0.83871002389832 0.160396909279424 0.000891443904044697 1.62291821138358e-06 0
"207" 0.837969114026063 0.16112917831827 0.000900060871391139 1.64678427613812e-06 0
"208" 0.837228640625 0.161860970199585 0.000908718292236328 1.67088317871094e-06 0
"209" 0.83648860356653 0.162592285065158 0.000917416152263374 1.69521604938272e-06 0
"210" 0.835749002722051 0.163323123056775 0.00092615443715539 1.71978401843412e-06 0
"211" 0.835009837962963 0.164053484316225 0.000934933132595486 1.74458821614583e-06 0
"212" 0.834271109160666 0.164783368985295 0.000943752224266774 1.76962977279851e-06 0
"213" 0.833532816186557 0.165512777205772 0.000952611697852366 1.79490981867284e-06 0
"214" 0.832794958912037 0.166241709119444 0.000961511539035373 1.82042948404948e-06 0
"215" 0.832057537208505 0.166970164868097 0.000970451733498907 1.8461898992091e-06 0
"216" 0.831320550947359 0.16769814459352 0.000979432266926078 1.87219219443239e-06 0
"217" 0.830584 0.1684256484375 0.000988453125 1.8984375e-06 0
"218" 0.829847884237826 0.169152676541824 0.000997514293403783 1.92492694619261e-06 0
"219" 0.829112203532236 0.16987922904828 0.00100661575782054 1.95166166329089e-06 0
"220" 0.82837695775463 0.170605306098655 0.00101575750393338 1.97864278157552e-06 0
"221" 0.827642146776406 0.171330907834737 0.00102493951742541 2.00587143132716e-06 0
"222" 0.826907770468964 0.172056034398313 0.00103416178397975 2.03334874282648e-06 0
"223" 0.826173828703704 0.17278068593117 0.00104342428927951 2.06107584635417e-06 0
"224" 0.825440321352023 0.173504862575097 0.0010527270190078 2.08905387219088e-06 0
"225" 0.824707248285322 0.174228564471879 0.00106206995884774 2.11728395061728e-06 0
"226" 0.823974609375 0.174951791763306 0.00107145309448242 2.14576721191406e-06 0
"227" 0.823242404492456 0.175674544591163 0.00108087641159497 2.17450478636188e-06 0
"228" 0.822510633509088 0.176396823097239 0.0010903398958685 2.20349780424141e-06 0
"229" 0.821779296296296 0.177118627423322 0.00109984353298611 2.23274739583333e-06 0
"230" 0.82104839272548 0.177839957711198 0.00110938730863092 2.26225469141831e-06 0
"231" 0.820317922668038 0.178560814102654 0.00111897120848605 2.29202082127701e-06 0
"232" 0.81958788599537 0.179281196739479 0.00112859521823459 2.3220469156901e-06 0
"233" 0.818858282578875 0.18000110576346 0.00113825932355967 2.35233410493827e-06 0
"234" 0.818129112289952 0.180720541316384 0.00114796351014439 2.38288351930218e-06 0
"235" 0.817400375 0.181439503540039 0.00115770776367188 2.4136962890625e-06 0
"236" 0.816672070580419 0.182157992576212 0.00116749206982522 2.4447735444999e-06 0
"237" 0.815944198902606 0.18287600856669 0.00117731641428755 2.47611641589506e-06 0
"238" 0.815216759837963 0.183593551653262 0.00118718078274197 2.50772603352865e-06 0
"239" 0.814489753257888 0.184310621977713 0.00119708516087159 2.53960352768133e-06 0
"240" 0.813763179033779 0.185027219681833 0.00120702953435953 2.57175002863378e-06 0
"241" 0.813037037037037 0.185743344907407 0.00121701388888889 2.60416666666667e-06 0
"242" 0.81231132713906 0.186458997796225 0.00122703821014279 2.63685457206067e-06 0
"243" 0.811586049211248 0.187174178490072 0.00123710248380433 2.66981487509645e-06 0
"244" 0.810861203125 0.187888887130737 0.00124720669555664 2.70304870605469e-06 0
"245" 0.810136788751715 0.188603123860007 0.00125735083108282 2.73655719521605e-06 0
"246" 0.809412805962791 0.18931688881967 0.00126753487606598 2.77034147286121e-06 0
"247" 0.80868925462963 0.190030182151512 0.00127775881618924 2.80440266927083e-06 0
"248" 0.807966134623629 0.190743003997321 0.0012880226371357 2.8387419147256e-06 0
"249" 0.807243445816186 0.191455354498885 0.00129832632458848 2.87336033950617e-06 0
"250" 0.806521188078704 0.192167233797992 0.00130866986423069 2.90825907389323e-06 0
"251" 0.805799361282579 0.192878642036428 0.00131905324174543 2.94343924816744e-06 0
"252" 0.805077965299211 0.19358957935598 0.00132947644281584 2.97890199260947e-06 0
"253" 0.804357 0.194300045898438 0.001339939453125 3.0146484375e-06 0
"254" 0.803636465256344 0.195010041805587 0.00135044225835604 3.05067971311969e-06 0
"255" 0.802916360939643 0.195719567219215 0.00136098484419207 3.08699694974923e-06 0
"256" 0.802196686921296 0.19642862228111 0.00137156719631619 3.12360127766927e-06 0
"257" 0.801477443072703 0.197137207133059 0.00138218930041152 3.16049382716049e-06 0
"258" 0.80075862926526 0.19784532191685 0.00139285114216118 3.19767572850357e-06 0
"259" 0.80004024537037 0.198552966774269 0.00140355270724826 3.23514811197917e-06 0
"260" 0.799322291259431 0.199260141847105 0.00141429398135589 3.27291210786796e-06 0
"261" 0.798604766803841 0.199966847277145 0.00142507495016718 3.31096884645062e-06 0
"262" 0.797887671875 0.200673083206177 0.00143589559936523 3.34931945800781e-06 0
"263" 0.797171006344307 0.201378849775987 0.00144675591463317 3.38796507282021e-06 0
"264" 0.796454770083162 0.202084147128363 0.00145765588165409 3.4269068211685e-06 0
"265" 0.795738962962963 0.202788975405093 0.00146859548611111 3.46614583333333e-06 0
"266" 0.79502358485511 0.203493334747963 0.00147957471368735 3.50568323959539e-06 0
"267" 0.794308635631001 0.204197225298762 0.00149059355006591 3.54552017023534e-06 0
"268" 0.793594115162037 0.204900647199278 0.0015016519809299 3.58565775553385e-06 0
"269" 0.792880023319616 0.205603600591296 0.00151274999196245 3.6260971257716e-06 0
"270" 0.792166359975137 0.206306085616605 0.00152388756884665 3.66683941122926e-06 0
"271" 0.791453125 0.207008102416992 0.00153506469726563 3.7078857421875e-06 0
"272" 0.790740318265604 0.207709651134245 0.00154628136290248 3.74923724892699e-06 0
"273" 0.790027939643347 0.208410731910151 0.00155753755144033 3.79089506172839e-06 0
"274" 0.78931598900463 0.209111344886497 0.00156883324856228 3.8328603108724e-06 0
"275" 0.788604466220851 0.209811490205071 0.00158016843995145 3.87513412663966e-06 0
"276" 0.787893371163409 0.210511168007661 0.00159154311129095 3.91771763931086e-06 0
"277" 0.787182703703704 0.211210378436053 0.00160295724826389 3.96061197916667e-06 0
"278" 0.786472463713135 0.211909121632036 0.00161441083655338 4.00381827648775e-06 0
"279" 0.7857626510631 0.212607397737396 0.00162590386184253 4.04733766155478e-06 0
"280" 0.785053265625 0.213305206893921 0.00163743630981445 4.09117126464844e-06 0
"281" 0.784344307270233 0.214002549243399 0.00164900816615226 4.13532021604938e-06 0
"282" 0.783635775870199 0.214699424927616 0.00166061941653907 4.17978564603829e-06 0
"283" 0.782927671296296 0.215395834088361 0.00167227004665799 4.22456868489583e-06 0
"284" 0.782219993419925 0.21609177686742 0.00168396004219212 4.26967046290268e-06 0
"285" 0.781512742112483 0.216787253406582 0.00169568938882459 4.3150921103395e-06 0
"286" 0.78080591724537 0.217482263847634 0.0017074580722385 4.36083475748698e-06 0
"287" 0.780099518689987 0.218176808332362 0.00171926607811696 4.40689953462577e-06 0
"288" 0.77939354631773 0.218870887002555 0.00173111339214309 4.45328757203655e-06 0
"289" 0.778688 0.2195645 0.001743 4.5e-06 0
"290" 0.777982879608196 0.220257647466484 0.0017549258873708 4.54703794879678e-06 0
"291" 0.777278185013717 0.220950329543795 0.00176689103993859 4.59440254870756e-06 0
"292" 0.776573916087963 0.221642546373721 0.0017788954433865 4.64209493001302e-06 0
"293" 0.775870072702332 0.222334298098047 0.00179093908339763 4.69011622299383e-06 0
"294" 0.775166654728224 0.223025584858563 0.0018030219456551 4.73846755793065e-06 0
"295" 0.774463662037037 0.223716406797056 0.00181514401584201 4.78715006510417e-06 0
"296" 0.773761094500172 0.224406764055312 0.00182730527964149 4.83616487479504e-06 0
"297" 0.773058951989026 0.22509665677512 0.00183950572273663 4.88551311728395e-06 0
"298" 0.772357234375 0.225786085098267 0.00185174533081055 4.93519592285156e-06 0
"299" 0.771655941529493 0.226475049166539 0.00186402408954636 4.98521442177855e-06 0
"300" 0.770955073323903 0.227163549121726 0.00187634198462718 5.03556974434558e-06 0
"301" 0.77025462962963 0.227851585105613 0.00188869900173611 5.08626302083333e-06 0
"302" 0.769554610318073 0.22853915725999 0.00190109512655627 5.13729538152247e-06 0
"303" 0.768855015260631 0.229226265726642 0.00191353034477077 5.18866795669367e-06 0
"304" 0.768155844328704 0.229912910647357 0.00192600464206272 5.2403818766276e-06 0
"305" 0.76745709739369 0.230599092163923 0.00193851800411523 5.29243827160494e-06 0
"306" 0.766758774326989 0.231284810418128 0.00195107041661141 5.34483827190635e-06 0
"307" 0.766060875 0.231970065551758 0.00196366186523437 5.3975830078125e-06 0
"308" 0.765363399284122 0.232654857706601 0.00197629233566724 5.45067360960407e-06 0
"309" 0.764666347050754 0.233339187024445 0.00198896181359311 5.50411120756173e-06 0
"310" 0.763969718171296 0.234023053647077 0.0020016702846951 5.55789693196615e-06 0
"311" 0.763273512517147 0.234706457716284 0.00201441773465631 5.61203191309799e-06 0
"312" 0.762577729959705 0.235389399373854 0.00202720414915987 5.66651728123794e-06 0
"313" 0.76188237037037 0.236071878761574 0.00204002951388889 5.72135416666667e-06 0
"314" 0.761187433620542 0.236753896021232 0.00205289381452647 5.77654369966483e-06 0
"315" 0.760492919581619 0.237435451294615 0.00206579703675572 5.83208701051312e-06 0
"316" 0.759798828125 0.238116544723511 0.00207873916625977 5.88798522949219e-06 0
"317" 0.759105159122085 0.238797176449706 0.00209172018872171 5.94423948688272e-06 0
"318" 0.758411912444273 0.239477346614989 0.00210474008982466 6.00085091296537e-06 0
"319" 0.757719087962963 0.240157055361147 0.00211779885525174 6.05782063802083e-06 0
"320" 0.757026685549554 0.240836302829967 0.00213089647068605 6.11514979232976e-06 0
"321" 0.756334705075446 0.241515089163237 0.0021440329218107 6.17283950617284e-06 0
"322" 0.755643146412037 0.242193414502744 0.00215720819430881 6.23089090983073e-06 0
"323" 0.754952009430727 0.242871278990276 0.00217042227386349 6.2893051335841e-06 0
"324" 0.754261294002915 0.243548682767619 0.00218367514615785 6.34808330771364e-06 0
"325" 0.753571 0.244225625976562 0.002196966796875 6.4072265625e-06 0
"326" 0.752881127293382 0.244902108758892 0.00221029721169805 6.46673602822386e-06 0
"327" 0.752191675754458 0.245578131256397 0.00222366637631012 6.52661283516589e-06 0
"328" 0.75150264525463 0.246253693610862 0.00223707427639431 6.58685811360677e-06 0
"329" 0.750814035665295 0.246928795964078 0.00225052089763374 6.64747299382716e-06 0
"330" 0.750125846857853 0.247603438457829 0.00226400622571152 6.70845860610773e-06 0
"331" 0.749438078703704 0.248277621233905 0.00227753024631076 6.76981608072917e-06 0
"332" 0.748750731074246 0.248951344434092 0.00229109294511457 6.83154654797212e-06 0
"333" 0.748063803840878 0.249624608200178 0.00230469430780607 6.89365113811728e-06 0
"334" 0.747377296875 0.25029741267395 0.00231833432006836 6.95613098144531e-06 0
"335" 0.746691210048011 0.250969757997196 0.00233201296758456 7.01898720823688e-06 0
"336" 0.74600554323131 0.251641644311703 0.00234573023603777 7.08222094877266e-06 0
"337" 0.745320296296296 0.252313071759259 0.00235948611111111 7.14583333333333e-06 0
"338" 0.744635469114369 0.252984040481651 0.00237328057848769 7.20982549219956e-06 0
"339" 0.743951061556927 0.253654550620666 0.00238711362385063 7.274198555652e-06 0
"340" 0.74326707349537 0.254324602318093 0.00240098523288303 7.33895365397135e-06 0
"341" 0.742583504801098 0.254994195715717 0.002414895391268 7.40409191743827e-06 0
"342" 0.741900355345507 0.255663330955327 0.00242884408468867 7.46961447633343e-06 0
"343" 0.741217625 0.256332008178711 0.00244283129882812 7.5355224609375e-06 0
"344" 0.740535313635974 0.257000227527655 0.00245685701936949 7.60181700153115e-06 0
"345" 0.739853421124828 0.257667989143947 0.00247092123199588 7.66849922839506e-06 0
"346" 0.739171947337963 0.258335293169375 0.00248502392239041 7.7355702718099e-06 0
"347" 0.738490892146777 0.259002139745725 0.00249916507623618 7.80303126205633e-06 0
"348" 0.737810255422668 0.259668529014786 0.0025133446792163 7.87088332941502e-06 0
"349" 0.737130037037037 0.260334461118345 0.00252756271701389 7.93912760416667e-06 0
"350" 0.736450236861283 0.260999936198189 0.00254181917531206 8.00776521659192e-06 0
"351" 0.735770854766804 0.261664954396105 0.00255611403979392 8.07679729697145e-06 0
"352" 0.735091890625 0.262329515853882 0.00257044729614258 8.14622497558594e-06 0
"353" 0.73441334430727 0.262993620713306 0.00258481893004115 8.21604938271605e-06 0
"354" 0.733735215685014 0.263657269116165 0.00259922892717275 8.28627164864246e-06 0
"355" 0.73305750462963 0.264320461204246 0.00261367727322049 8.35689290364584e-06 0
"356" 0.732380211012517 0.264983197119337 0.00262816395386747 8.42791427800685e-06 0
"357" 0.731703334705075 0.265645477003226 0.00264268895479681 8.49933690200617e-06 0
"358" 0.731026875578704 0.266307300997699 0.00265725226169162 8.57116190592448e-06 0
"359" 0.730350833504801 0.266968669244544 0.00267185386023502 8.64339042004244e-06 0
"360" 0.729675208354767 0.267629581885548 0.00268649373611011 8.71602357464072e-06 0
"361" 0.729 0.2682900390625 0.002701171875 8.7890625e-06 0
"362" 0.7283252083119 0.268950040917186 0.00271588826258781 8.86250832640094e-06 0
"363" 0.727650833161866 0.269609587591394 0.00273064288455665 8.93636218412423e-06 0
"364" 0.726976874421296 0.270268679226911 0.00274543572658963 9.01062520345052e-06 0
"365" 0.726303331961591 0.270927315965524 0.00276026677436986 9.08529851466049e-06 0
"366" 0.725630205654149 0.271585497949022 0.00277513601358045 9.16038324803482e-06 0
"367" 0.724957495370371 0.272243225319191 0.00279004342990451 9.23588053385417e-06 0
"368" 0.724285200981653 0.27290049821782 0.00280498900902517 9.31179150239921e-06 0
"369" 0.723613322359396 0.273557316786694 0.00281997273662551 9.38811728395061e-06 0
"370" 0.722941859375 0.274213681167603 0.00283499459838867 9.46485900878906e-06 0
"371" 0.722270811899863 0.274869591502332 0.00285005457999775 9.54201780719522e-06 0
"372" 0.721600179805384 0.275525047932671 0.00286515266713586 9.61959480944975e-06 0
"373" 0.720929962962963 0.276180050600405 0.00288028884548611 9.69759114583333e-06 0
"374" 0.720260161243999 0.276834599647323 0.00289546310073162 9.77600794662664e-06 0
"375" 0.71959077451989 0.277488695215212 0.00291067541855549 9.85484634211034e-06 0
"376" 0.718921802662037 0.27814233744586 0.00292592578464084 9.9341074625651e-06 0
"377" 0.718253245541838 0.278795526481053 0.00294121418467078 1.00137924382716e-05 0
"378" 0.717585103030693 0.279448262462579 0.00295654060432842 1.00939023995105e-05 0
"379" 0.716917375 0.280100545532227 0.00297190502929688 1.01744384765625e-05 0
"380" 0.716250061321159 0.280752375831782 0.00298730744525925 1.02554017997082e-05 0
"381" 0.715583161865569 0.281403753503033 0.00300274783789866 1.03367934992284e-05 0
"382" 0.71491667650463 0.282054678687767 0.00301822619289822 1.04186147054036e-05 0
"383" 0.71425060510974 0.282705151527771 0.00303374249594104 1.05008665485147e-05 0
"384" 0.713584947552298 0.283355172164833 0.00304929673271022 1.05835501588421e-05 0
"385" 0.712919703703704 0.284004740740741 0.00306488888888889 1.06666666666667e-05 0
"386" 0.712254873435357 0.284653857397281 0.00308051895016015 1.0750217202269e-05 0
"387" 0.711590456618656 0.285302522276241 0.00309618690220711 1.08342028959298e-05 0
"388" 0.710926453125 0.285950735519409 0.00311189273071289 1.09186248779297e-05 0
"389" 0.710262862825789 0.286598497268572 0.0031276364213606 1.10034842785494e-05 0
"390" 0.709599685592421 0.287245807665517 0.00314341795983334 1.10887822280695e-05 0
"391" 0.708936921296296 0.287892666852033 0.00315923733181424 1.11745198567708e-05 0
"392" 0.708274569808814 0.288539074969905 0.00317509452298639 1.12606982949339e-05 0
"393" 0.707612631001372 0.289185032160923 0.00319098951903292 1.13473186728395e-05 0
"394" 0.70695110474537 0.289830538566872 0.00320692230563694 1.14343821207682e-05 0
"395" 0.706289990912209 0.290475594329541 0.00322289286848155 1.15218897690008e-05 0
"396" 0.705629289373285 0.291120199590717 0.00323890119324986 1.16098427478178e-05 0
"397" 0.704969 0.291764354492188 0.003254947265625 1.16982421875e-05 0
"398" 0.704309122663752 0.29240805917574 0.00327103107129007 1.1787089218328e-05 0
"399" 0.70364965723594 0.293051313783162 0.00328715259592818 1.18763849705826e-05 0
"400" 0.702990603587963 0.29369411845624 0.00330331182522244 1.19661305745443e-05 0
"401" 0.702331961591221 0.294336473336763 0.00331950874485597 1.20563271604938e-05 0
"402" 0.701673731117112 0.294978378566517 0.00333574334051187 1.21469758587119e-05 0
"403" 0.701015912037037 0.29561983428729 0.00335201559787326 1.22380777994792e-05 0
"404" 0.700358504222394 0.29626084064087 0.00336832550262326 1.23296341130763e-05 0
"405" 0.699701507544581 0.296901397769044 0.00338467304044496 1.24216459297839e-05 0
"406" 0.699044921875 0.297541505813599 0.00340105819702148 1.25141143798828e-05 0
"407" 0.698388747085048 0.298181164916322 0.00341748095803594 1.26070405936535e-05 0
"408" 0.697732983046125 0.298820375219002 0.00343394130917145 1.27004257013768e-05 0
"409" 0.69707762962963 0.299459136863426 0.00345043923611111 1.27942708333333e-05 0
"410" 0.696422686706962 0.300097449991381 0.00346697472453804 1.28885771198037e-05 0
"411" 0.69576815414952 0.300735314744654 0.00348354776013535 1.29833456910687e-05 0
"412" 0.695114031828704 0.301372731265033 0.00350015832858615 1.30785776774089e-05 0
"413" 0.694460319615912 0.302009699694305 0.00351680641557356 1.31742742091049e-05 0
"414" 0.693807017382544 0.302646220174258 0.00353349200678068 1.32704364164376e-05 0
"415" 0.693154125 0.30328229284668 0.00355021508789063 1.33670654296875e-05 0
"416" 0.692501642339678 0.303917917853357 0.00356697564458651 1.34641623791353e-05 0
"417" 0.691849569272977 0.304553095336077 0.00358377366255144 1.35617283950617e-05 0
"418" 0.691197905671296 0.305187825436627 0.00360060912746853 1.36597646077474e-05 0
"419" 0.690546651406036 0.305822108296796 0.0036174820250209 1.3758272147473e-05 0
"420" 0.689895806348594 0.30645594405837 0.00363439234089165 1.38572521445192e-05 0
"421" 0.68924537037037 0.307089332863137 0.00365134006076389 1.39567057291667e-05 0
"422" 0.688595343342764 0.307722274852884 0.00366832517032074 1.40566340316961e-05 0
"423" 0.687945725137174 0.308354770169398 0.00368534765524531 1.41570381823881e-05 0
"424" 0.687296515625 0.308986818954468 0.0037024075012207 1.42579193115234e-05 0
"425" 0.686647714677641 0.30961842134988 0.00371950469393004 1.43592785493827e-05 0
"426" 0.685999322166495 0.310249577497422 0.00373663921905643 1.44611170262466e-05 0
"427" 0.685351337962963 0.310880287538882 0.00375381106228299 1.45634358723958e-05 0
"428" 0.684703761938443 0.311510551616046 0.00377102020929281 1.4666236218111e-05 0
"429" 0.684056593964334 0.312140369870703 0.00378826664576903 1.47695191936728e-05 0
"430" 0.683409833912037 0.312769742444639 0.00380555035739475 1.4873285929362e-05 0
"431" 0.682763481652949 0.313398669479642 0.00382287132985307 1.49775375554591e-05 0
"432" 0.68211753705847 0.3140271511175 0.00384022954882712 1.50822752022449e-05 0
"433" 0.681472 0.3146551875 0.003857625 1.51875e-05 0
"434" 0.680826870348937 0.315282778768929 0.00387505766905482 1.52932130790051e-05 0
"435" 0.68018214797668 0.315909925066075 0.0038925275416747 1.53994155695409e-05 0
"436" 0.67953783275463 0.316536626533226 0.00391003460354275 1.5506108601888e-05 0
"437" 0.678893924554184 0.317162883312168 0.00392757884034208 1.56132933063272e-05 0
"438" 0.678250423246742 0.317788695544689 0.0039451602377558 1.5720970813139e-05 0
"439" 0.677607328703704 0.318414063372577 0.00396277878146701 1.58291422526042e-05 0
"440" 0.676964640796468 0.319038986937618 0.00398043445715885 1.59378087550034e-05 0
"441" 0.676322359396433 0.319663466381601 0.0039981272505144 1.60469714506173e-05 0
"442" 0.675680484375 0.320287501846313 0.0040158571472168 1.61566314697266e-05 0
"443" 0.675039015603567 0.320911093473542 0.00403362413294914 1.62667899426119e-05 0
"444" 0.674397952953532 0.321534241405074 0.00405142819339454 1.63774479995539e-05 0
"445" 0.673757296296296 0.322156945782697 0.00406926931423611 1.64886067708333e-05 0
"446" 0.673117045503258 0.322779206748198 0.00408714748115696 1.66002673867308e-05 0
"447" 0.672477200445816 0.323401024443366 0.00410506267984021 1.6712430977527e-05 0
"448" 0.67183776099537 0.324022399009987 0.00412301489596897 1.68250986735026e-05 0
"449" 0.67119872702332 0.324643330589849 0.00414100411522634 1.69382716049383e-05 0
"450" 0.670560098401063 0.325263819324739 0.00415903032329544 1.70519509021147e-05 0
"451" 0.669921875 0.325883865356445 0.00417709350585938 1.71661376953125e-05 0
"452" 0.66928405669153 0.326503468826754 0.00419519364860126 1.72808331148124e-05 0
"453" 0.668646643347051 0.327122629877454 0.00421333073720422 1.73960382908951e-05 0
"454" 0.668009634837963 0.327741348650332 0.00423150475735135 1.75117543538412e-05 0
"455" 0.667373031035666 0.328359625287175 0.00424971569472576 1.76279824339313e-05 0
"456" 0.666736831811557 0.328977459929771 0.00426796353501057 1.77447236614463e-05 0
"457" 0.666101037037037 0.329594852719907 0.00428624826388889 1.78619791666667e-05 0
"458" 0.665465646583505 0.330211803799371 0.00430456986704383 1.79797500798732e-05 0
"459" 0.664830660322359 0.330828313309951 0.0043229283301585 1.80980375313464e-05 0
"460" 0.664196078125 0.331444381393433 0.00434132363891602 1.82168426513672e-05 0
"461" 0.663561899862826 0.332060008191604 0.00435975577899948 1.8336166570216e-05 0
"462" 0.662928125407236 0.332675193846254 0.00437822473609202 1.84560104181737e-05 0
"463" 0.66229475462963 0.333289938499168 0.00439673049587674 1.85763753255208e-05 0
"464" 0.661661787401406 0.333904242292135 0.00441527304403674 1.86972624225381e-05 0
"465" 0.661029223593964 0.334518105366941 0.00443385236625514 1.88186728395062e-05 0
"466" 0.660397063078704 0.335131527865375 0.00445246844821506 1.89406077067057e-05 0
"467" 0.659765305727023 0.335744509929223 0.0044711212755996 1.90630681544174e-05 0
"468" 0.659133951410322 0.336357051700273 0.00448981083409188 1.9186055312922e-05 0
"469" 0.658503 0.336969153320313 0.004508537109375 1.93095703125e-05 0
"470" 0.657872451367456 0.337580814931129 0.00452730008713208 1.94336142834322e-05 0
"471" 0.657242305384088 0.33819203667451 0.00454609975304623 1.95581883559992e-05 0
"472" 0.656612561921296 0.338802818692243 0.00456493609280056 1.96832936604818e-05 0
"473" 0.65598322085048 0.339413161126115 0.00458380909207819 1.98089313271605e-05 0
"474" 0.655354282043038 0.340023064117913 0.00460271873656222 1.99351024863161e-05 0
"475" 0.65472574537037 0.340632527809426 0.00462166501193576 2.00618082682292e-05 0
"476" 0.654097610703875 0.34124155234244 0.00464064790388194 2.01890498031805e-05 0
